1 | 100.0 | 1.305e-06_1.305e-06_C_C_6i3m_b_factor_100_preserve_metadata.pdb | 3.201e-16 7.806e-17 1.11e-16 0 0 0

2 | 100.0 | 0.0007195_0.0007195_D_D_6i3m_b_factor_100_preserve_metadata.pdb | -5.821e-11 0 -1.506e-11 6.104e-05 -6.104e-05 2.98e-08

3 | 93.81559523809526 | 1.5_0.8953_B_B_multimer_6I3M_CF_EF_unrelaxed_rank_1_model_3.pdb | -0.01827 0.04866 -0.07089 -4.11 12.53 -6.996

4 | 93.81559523809526 | 0.8953_1.5_B_B_multimer_6I3M_CF_EF_unrelaxed_rank_1_model_3.pdb | 0.02169 -0.04723 0.07185 5.322 -12.33 6.521

5 | 92.287 | 1.407_0.8504_A_A_ptm_6I3M_CF_EF_unrelaxed_rank_1_model_3.pdb | -0.01361 0.04436 -0.07768 -6.46 15.24 -7.117

6 | 92.28699999999996 | 0.8504_1.407_A_A_ptm_6I3M_CF_EF_unrelaxed_rank_1_model_3.pdb | 0.01703 -0.04317 0.07835 7.931 -14.79 6.571

7 | 92.06857142857143 | 1.212_1.196_A_A_ptm_6I3M_CF_IF_unrelaxed_rank_1_model_4.pdb | -0.0129 8.002e-05 -0.09326 -20.09 19.88 2.712

8 | 92.06857142857143 | 1.196_1.212_A_A_ptm_6I3M_CF_IF_unrelaxed_rank_1_model_4.pdb | 0.01285 0.001122 0.09325 21.86 -17.89 -2.945

9 | 91.72392857142862 | 1.002_1.061_B_B_multimer_6I3M_CF_IF_unrelaxed_rank_1_model_3.pdb | -0.01772 -0.01589 -0.0577 -16.05 10.15 7.853

10 | 91.7239285714286 | 1.061_1.002_B_B_multimer_6I3M_CF_IF_unrelaxed_rank_1_model_3.pdb | 0.01677 0.01688 0.05742 16.73 -9.068 -7.75

11 | 91.58795180722898 | 0.8003_1.374_B_B_multimer_6I3M_CF_MF_unrelaxed_rank_1_model_4.pdb | 0.02549 -0.02145 0.07594 12.02 -11.65 -0.6103

12 | 91.58795180722893 | 1.374_0.8003_B_B_multimer_6I3M_CF_MF_unrelaxed_rank_1_model_4.pdb | -0.0238 0.02331 -0.07539 -11.11 12.53 0.0528

13 | 91.53810126582279 | 1.158_0.8855_A_A_ptm_6I3M_CF_KF_unrelaxed_rank_1_model_4.pdb | -0.01236 0.005317 -0.06327 -12.47 12.53 1.422

14 | 91.53810126582275 | 0.8855_1.158_A_A_ptm_6I3M_CF_KF_unrelaxed_rank_1_model_4.pdb | 0.01267 -0.004524 0.06333 13.23 -11.69 -1.637

15 | 91.4819047619048 | 0.8473_1.49_D_D_multimer_6I3M_AF_AF_CF_EF_unrelaxed_rank_1_model_3.pdb | 0.03973 -0.04643 0.09619 10.89 -13.64 2.464

16 | 91.48190476190477 | 1.49_0.8473_D_D_multimer_6I3M_AF_AF_CF_EF_unrelaxed_rank_1_model_3.pdb | -0.03513 0.04999 -0.09439 -9.406 14.49 -3.482

17 | 91.35496527777777 | 1.002_1.002_B_B_multimer_6I3M_CF_IF_unrelaxed_rank_1_model_3.pdb | -2.98e-08 0 7.451e-09 0 -1.526e-05 0

18 | 91.27024305555555 | 1.539_1.539_B_B_ptm_6I3M_AF_CF_unrelaxed_rank_1_model_3.pdb | 1.49e-08 2.98e-08 1.863e-08 1.526e-05 3.052e-05 -1.526e-05

19 | 91.17944444444448 | 1.407_1.407_A_A_ptm_6I3M_CF_EF_unrelaxed_rank_1_model_3.pdb | 0 2.98e-08 -7.451e-09 -1.526e-05 -1.526e-05 1.526e-05

20 | 91.08172839506175 | 1.539_0.9656_B_B_ptm_6I3M_AF_CF_unrelaxed_rank_1_model_3.pdb | -0.03139 0.04371 -0.09869 -11.91 16.48 -2.883

21 | 91.0817283950617 | 0.9656_1.539_B_B_ptm_6I3M_AF_CF_unrelaxed_rank_1_model_3.pdb | 0.03557 -0.04038 0.1001 13.59 -15.29 1.813

22 | 91.04524305555557 | 1.5_1.5_B_B_multimer_6I3M_CF_EF_unrelaxed_rank_1_model_3.pdb | 2.421e-08 1.863e-08 2.98e-08 0 -1.526e-05 0

23 | 90.7072222222223 | 1.346_1.346_C_C_ptm_6I3M_AF_AF_CF_unrelaxed_rank_1_model_3.pdb | 2.98e-08 1.49e-08 1.49e-08 0 1.526e-05 -1.526e-05

24 | 90.44126582278483 | 1.346_0.961_C_C_ptm_6I3M_AF_AF_CF_unrelaxed_rank_1_model_3.pdb | -0.03793 0.008736 -0.07423 -14.35 9.906 6.615

25 | 90.4412658227848 | 0.961_1.346_C_C_ptm_6I3M_AF_AF_CF_unrelaxed_rank_1_model_3.pdb | 0.03848 -0.005894 0.07451 14.99 -8.553 -7.075

26 | 90.38895833333333 | 1.212_1.212_A_A_ptm_6I3M_CF_IF_unrelaxed_rank_1_model_4.pdb | -5.96e-08 0 0 0 -1.526e-05 1.526e-05

27 | 90.28048611111112 | 1.158_1.158_A_A_ptm_6I3M_CF_KF_unrelaxed_rank_1_model_4.pdb | 0 2.98e-08 0 -3.052e-05 -1.526e-05 0

28 | 90.25325 | 0.8559_1.23_C_C_ptm_6I3M_AF_AF_CF_EF_unrelaxed_rank_1_model_3.pdb | 0.0254 -0.02601 0.06323 8.088 -9.174 0.5724

29 | 90.25324999999998 | 1.23_0.8559_C_C_ptm_6I3M_AF_AF_CF_EF_unrelaxed_rank_1_model_3.pdb | -0.02372 0.02755 -0.06257 -7.475 9.644 -1.012

30 | 90.25166666666667 | 1.374_1.374_B_B_multimer_6I3M_CF_MF_unrelaxed_rank_1_model_4.pdb | 7.451e-09 0 -7.451e-09 0 1.526e-05 0

31 | 90.14098765432098 | 0.8107_0.9902_B_B_multimer_6I3M_CF_CF_unrelaxed_rank_1_model_4.pdb | 0.02478 -0.007392 0.03545 5.881 -2.627 -3.763

32 | 90.14098765432097 | 0.9902_0.8107_B_B_multimer_6I3M_CF_CF_unrelaxed_rank_1_model_4.pdb | -0.0245 0.008263 -0.03526 -5.812 2.925 3.649

33 | 90.00382716049384 | 0.9928_0.8059_C_C_multimer_6I3M_CF_CF_unrelaxed_rank_1_model_4.pdb | -0.02393 0.0084 -0.03574 -5.878 3.16 3.487

34 | 90.00382716049383 | 0.8059_0.9928_C_C_multimer_6I3M_CF_CF_unrelaxed_rank_1_model_4.pdb | 0.02422 -0.007537 0.03593 5.958 -2.863 -3.606

35 | 89.92525000000003 | 0.9117_1.262_A_A_ptm_6I3M_CF_OF_unrelaxed_rank_1_model_3.pdb | 0.02302 0.006253 0.06743 16.42 -10.24 -6.51

36 | 89.92525 | 1.262_0.9117_A_A_ptm_6I3M_CF_OF_unrelaxed_rank_1_model_3.pdb | -0.02339 -0.004686 -0.06756 -15.65 11.47 6.346

37 | 89.81982638888888 | 1.49_1.49_D_D_multimer_6I3M_AF_AF_CF_EF_unrelaxed_rank_1_model_3.pdb | 5.96e-08 0 -2.98e-08 -1.526e-05 -3.052e-05 -1.526e-05

38 | 89.35428571428577 | 1.162_0.7445_A_A_ptm_6I3M_CF_MF_unrelaxed_rank_1_model_1.pdb | -0.006004 0.014 -0.06671 -11.03 14.62 -1.995

39 | 89.3542857142857 | 0.7445_1.162_A_A_ptm_6I3M_CF_MF_unrelaxed_rank_1_model_1.pdb | 0.006924 -0.01357 0.06679 12.01 -13.86 1.744

40 | 89.145625 | 1.363_1.363_C_C_multimer_6I3M_AF_CF_unrelaxed_rank_1_model_2.pdb | -5.122e-09 2.328e-10 0 0 -1.526e-05 -1.526e-05

41 | 89.10012820512821 | 1.198_0.736_B_B_ptm_6I3M_CF_CF_unrelaxed_rank_1_model_4.pdb | -0.01564 0.01589 -0.06519 -10.56 11.96 -0.4309

42 | 89.10012820512817 | 0.736_1.198_B_B_ptm_6I3M_CF_CF_unrelaxed_rank_1_model_4.pdb | 0.01665 -0.01484 0.06544 11.32 -11.25 0.07507

43 | 89.05475000000001 | 0.5846_1.209_B_B_multimer_6I3M_CF_KF_unrelaxed_rank_1_model_2.pdb | 0.01501 -0.02464 0.05478 6.412 -9.411 2.648

44 | 89.05474999999998 | 1.209_0.5846_B_B_multimer_6I3M_CF_KF_unrelaxed_rank_1_model_2.pdb | -0.01364 0.02542 -0.05442 -5.82 9.705 -2.938

45 | 88.88025000000002 | 0.7345_1.209_A_A_ptm_6I3M_CF_CF_unrelaxed_rank_1_model_4.pdb | 0.01669 -0.01646 0.06882 11.77 -12.02 0.4558

46 | 88.88024999999999 | 1.209_0.7345_A_A_ptm_6I3M_CF_CF_unrelaxed_rank_1_model_4.pdb | -0.01552 0.01757 -0.06854 -10.91 12.79 -0.8489

47 | 88.79634146341463 | 0.6308_1.363_C_C_multimer_6I3M_AF_CF_unrelaxed_rank_1_model_2.pdb | 0.02032 -0.03307 0.05348 4.139 -8.04 3.596

48 | 88.79634146341459 | 1.363_0.6308_C_C_multimer_6I3M_AF_CF_unrelaxed_rank_1_model_2.pdb | -0.01854 0.0341 -0.05282 -3.583 8.172 -3.884

49 | 88.76940972222219 | 1.262_1.262_A_A_ptm_6I3M_CF_OF_unrelaxed_rank_1_model_3.pdb | -2.98e-08 0 -1.863e-09 0 1.526e-05 1.526e-05

50 | 88.50826388888893 | 0.9902_0.9902_B_B_multimer_6I3M_CF_CF_unrelaxed_rank_1_model_4.pdb | -1.49e-08 0 -2.235e-08 0 -1.526e-05 3.052e-05

51 | 88.44319444444454 | 0.9928_0.9928_C_C_multimer_6I3M_CF_CF_unrelaxed_rank_1_model_4.pdb | -1.49e-08 -1.49e-08 4.657e-08 -1.526e-05 0 0

52 | 87.98211805555552 | 1.23_1.23_C_C_ptm_6I3M_AF_AF_CF_EF_unrelaxed_rank_1_model_3.pdb | 2.98e-08 1.49e-08 1.49e-08 3.052e-05 0 1.526e-05

53 | 87.88579861111114 | 1.209_1.209_A_A_ptm_6I3M_CF_CF_unrelaxed_rank_1_model_4.pdb | -2.98e-08 0 2.98e-08 -1.526e-05 0 0

54 | 87.77381944444441 | 1.198_1.198_B_B_ptm_6I3M_CF_CF_unrelaxed_rank_1_model_4.pdb | 1.49e-08 2.235e-08 -2.98e-08 0 1.526e-05 -3.052e-05

55 | 87.73085365853659 | 0.5914_1.171_B_B_multimer_6I3M_CF_GF_unrelaxed_rank_1_model_1.pdb | 0.00134 -0.01484 0.03219 3.491 -7.16 3.33

56 | 87.73085365853657 | 1.171_0.5914_B_B_multimer_6I3M_CF_GF_unrelaxed_rank_1_model_1.pdb | -0.0008619 0.01488 -0.03217 -3.209 7.264 -3.388

57 | 87.60666666666668 | 0.8953_0.8953_B_B_multimer_6I3M_CF_EF_unrelaxed_rank_1_model_3.pdb | -3.725e-09 -2.235e-08 2.98e-08 0 0 1.526e-05

58 | 87.54315972222227 | 1.162_1.162_A_A_ptm_6I3M_CF_MF_unrelaxed_rank_1_model_1.pdb | -5.588e-09 -1.816e-08 0 1.526e-05 -3.052e-05 0

59 | 87.52406250000003 | 1.335_1.335_D_D_multimer_6I3M_AF_AF_CF_unrelaxed_rank_1_model_3.pdb | 7.451e-09 -2.98e-08 -1.49e-08 -1.526e-05 -3.052e-05 -3.052e-05

60 | 87.36395833333329 | 1.171_1.171_B_B_multimer_6I3M_CF_GF_unrelaxed_rank_1_model_1.pdb | -2.98e-08 0 -6.706e-08 0 3.052e-05 3.052e-05

61 | 87.33875000000006 | 1.209_1.209_B_B_multimer_6I3M_CF_KF_unrelaxed_rank_1_model_2.pdb | -1.49e-08 0 0 0 0 -1.526e-05

62 | 87.26277108433733 | 0.669_1.264_B_B_multimer_6I3M_CF_OF_unrelaxed_rank_1_model_3.pdb | 0.002302 -0.01143 0.0531 9.142 -11.65 2.367

63 | 87.26277108433732 | 1.264_0.669_B_B_multimer_6I3M_CF_OF_unrelaxed_rank_1_model_3.pdb | -0.001692 0.01154 -0.05308 -8.484 12.11 -2.492

64 | 86.95218750000001 | 1.209_1.198_A_B_ptm_6I3M_CF_CF_unrelaxed_rank_1_model_4.pdb | 2.587 -1.076 -0.8941 429.7 430 452.4

65 | 86.95218749999998 | 1.198_1.209_B_A_ptm_6I3M_CF_CF_unrelaxed_rank_1_model_4.pdb | 2.581 -1.074 -0.8972 429.5 431.3 451.4

66 | 86.52370370370369 | 0.8504_0.8504_A_A_ptm_6I3M_CF_EF_unrelaxed_rank_1_model_3.pdb | -2.98e-08 0 -3.725e-08 0 -1.526e-05 0

67 | 86.21777777777777 | 1.209_0.736_A_B_ptm_6I3M_CF_CF_unrelaxed_rank_1_model_4.pdb | 2.668 -1.121 -0.7857 422.5 423.1 464.8

68 | 86.21777777777777 | 0.736_1.209_B_A_ptm_6I3M_CF_CF_unrelaxed_rank_1_model_4.pdb | 2.578 -1.096 -0.8343 418.9 440.1 452.1

69 | 86.14642361111115 | 1.264_1.264_B_B_multimer_6I3M_CF_OF_unrelaxed_rank_1_model_3.pdb | 1.49e-08 0 0 0 0 -3.052e-05

70 | 85.94302631578948 | 1.094_0.7356_A_A_ptm_6I3M_CF_GF_unrelaxed_rank_1_model_5.pdb | -0.00422 0.009917 -0.0492 -8.297 10.63 -1.385

71 | 85.94302631578948 | 0.7356_1.094_A_A_ptm_6I3M_CF_GF_unrelaxed_rank_1_model_5.pdb | 0.004703 -0.009697 0.04924 8.823 -10.21 1.254

72 | 85.90888888888892 | 1.198_0.7345_B_A_ptm_6I3M_CF_CF_unrelaxed_rank_1_model_4.pdb | 2.665 -1.123 -0.7847 422.3 423.8 464.5

73 | 85.90888888888887 | 0.7345_1.198_A_B_ptm_6I3M_CF_CF_unrelaxed_rank_1_model_4.pdb | 2.582 -1.099 -0.83 418.9 439.5 452.8

74 | 85.66829268292685 | 0.8193_1.335_D_D_multimer_6I3M_AF_AF_CF_unrelaxed_rank_1_model_3.pdb | 0.05168 -0.04499 0.07267 5.452 -5.556 -0.5479

75 | 85.66829268292683 | 1.335_0.8193_D_D_multimer_6I3M_AF_AF_CF_unrelaxed_rank_1_model_3.pdb | -0.04834 0.04857 -0.07033 -5.054 5.946 0.01372

76 | 85.55796296296296 | 1.196_1.196_A_A_ptm_6I3M_CF_IF_unrelaxed_rank_1_model_4.pdb | 0 -5.96e-08 0 1.526e-05 0 -1.526e-05

77 | 85.41833333333331 | 0.8003_0.8003_B_B_multimer_6I3M_CF_MF_unrelaxed_rank_1_model_4.pdb | 0 5.96e-08 1.49e-08 0 -1.526e-05 -1.526e-05

78 | 85.29037037037035 | 0.8855_0.8855_A_A_ptm_6I3M_CF_KF_unrelaxed_rank_1_model_4.pdb | 0 1.49e-08 -2.98e-08 0 0 -4.578e-05

79 | 85.1642592592593 | 1.061_1.061_B_B_multimer_6I3M_CF_IF_unrelaxed_rank_1_model_3.pdb | 2.98e-08 -2.235e-08 5.029e-08 -3.052e-05 1.526e-05 3.052e-05

80 | 84.74833333333333 | 0.8559_0.8559_C_C_ptm_6I3M_AF_AF_CF_EF_unrelaxed_rank_1_model_3.pdb | 2.98e-08 4.47e-08 2.98e-08 -3.052e-05 -1.526e-05 -1.526e-05

81 | 84.30703703703703 | 0.8473_0.8473_D_D_multimer_6I3M_AF_AF_CF_EF_unrelaxed_rank_1_model_3.pdb | 0 0 2.98e-08 -1.526e-05 -3.052e-05 0

82 | 84.17203703703701 | 0.9656_0.9656_B_B_ptm_6I3M_AF_CF_unrelaxed_rank_1_model_3.pdb | 2.235e-08 0 -2.608e-08 0 3.052e-05 0

83 | 83.56333333333333 | 0.961_0.961_C_C_ptm_6I3M_AF_AF_CF_unrelaxed_rank_1_model_3.pdb | 2.98e-08 2.98e-08 2.98e-08 -1.526e-05 -1.526e-05 1.526e-05

84 | 83.08777777777776 | 0.736_0.736_B_B_ptm_6I3M_CF_CF_unrelaxed_rank_1_model_4.pdb | 7.451e-09 0 -2.98e-08 1.526e-05 1.526e-05 0

85 | 82.92240740740743 | 0.9117_0.9117_A_A_ptm_6I3M_CF_OF_unrelaxed_rank_1_model_3.pdb | 0 7.451e-09 -2.608e-08 -1.526e-05 0 0

86 | 82.75037037037038 | 0.7345_0.7345_A_A_ptm_6I3M_CF_CF_unrelaxed_rank_1_model_4.pdb | -2.98e-08 -5.96e-08 0 0 -1.526e-05 3.052e-05

87 | 82.58760416666671 | 1.094_1.094_A_A_ptm_6I3M_CF_GF_unrelaxed_rank_1_model_5.pdb | 0 1.49e-08 -2.98e-08 3.052e-05 0 0

88 | 82.11296296296301 | 0.7445_0.7445_A_A_ptm_6I3M_CF_MF_unrelaxed_rank_1_model_1.pdb | 1.49e-08 7.451e-09 2.98e-08 0 0 0

89 | 81.97 | 0.8107_0.8107_B_B_multimer_6I3M_CF_CF_unrelaxed_rank_1_model_4.pdb | -1.49e-08 -5.96e-08 -1.49e-08 1.526e-05 1.526e-05 0

90 | 81.83277777777779 | 0.8059_0.8059_C_C_multimer_6I3M_CF_CF_unrelaxed_rank_1_model_4.pdb | 7.451e-09 1.49e-08 -2.049e-08 0 -4.578e-05 1.526e-05

91 | 80.5714814814815 | 0.5846_0.5846_B_B_multimer_6I3M_CF_KF_unrelaxed_rank_1_model_2.pdb | 1.49e-08 2.98e-08 7.451e-09 0 0 -1.526e-05

92 | 80.5427777777778 | 0.5914_0.5914_B_B_multimer_6I3M_CF_GF_unrelaxed_rank_1_model_1.pdb | 0 -7.451e-09 2.608e-08 -1.526e-05 -1.526e-05 -1.526e-05

93 | 78.9585185185185 | 0.6308_0.6308_C_C_multimer_6I3M_AF_CF_unrelaxed_rank_1_model_2.pdb | 7.451e-09 -1.676e-08 -2.98e-08 -3.052e-05 1.526e-05 4.578e-05

94 | 78.8585185185185 | 0.669_0.669_B_B_multimer_6I3M_CF_OF_unrelaxed_rank_1_model_3.pdb | -1.49e-08 2.98e-08 0 -3.052e-05 1.526e-05 -1.526e-05

95 | 78.19314814814815 | 0.7356_0.7356_A_A_ptm_6I3M_CF_GF_unrelaxed_rank_1_model_5.pdb | 1.49e-08 0 2.98e-08 -1.526e-05 0 0

96 | 76.59425925925927 | 0.8193_0.8193_D_D_multimer_6I3M_AF_AF_CF_unrelaxed_rank_1_model_3.pdb | -1.118e-08 -1.49e-08 -1.49e-08 1.526e-05 0 1.526e-05

