1 | 100.0 | 6.649e-07_6.649e-07_O_O_6i3m_b_factor_100_preserve_metadata.pdb | -3.608e-16 -9.437e-16 7.216e-16 0 0 0

2 | 100.0 | 0.0009763_0.0009763_P_P_6i3m_b_factor_100_preserve_metadata.pdb | 4.657e-10 -9.313e-10 2.328e-10 0 0 1.192e-07

3 | 90.79785714285715 | 1.004_1.281_D_D_multimer_6I3M_AF_MF_OF_OF_unrelaxed_rank_1_model_1.pdb | -0.03603 0.002391 -0.1183 -20.9 5.956 7.994

4 | 90.79785714285715 | 1.281_1.004_D_D_multimer_6I3M_AF_MF_OF_OF_unrelaxed_rank_1_model_1.pdb | 0.03606 0.001878 0.1183 21.44 -3.155 -8.164

5 | 90.57142857142858 | 1.02_1.27_C_C_multimer_6I3M_MF_OF_OF_unrelaxed_rank_1_model_4.pdb | -0.05845 0.001829 -0.1236 -22.5 2.285 12.6

6 | 90.57142857142856 | 1.27_1.02_C_C_multimer_6I3M_MF_OF_OF_unrelaxed_rank_1_model_4.pdb | 0.05823 0.00539 0.1235 22.58 1.243 -12.59

7 | 90.56642857142857 | 0.9995_1.281_E_E_multimer_6I3M_AF_MF_OF_OF_unrelaxed_rank_1_model_1.pdb | -0.04536 0.01072 -0.1004 -16.2 1.963 9.08

8 | 90.56642857142857 | 1.281_0.9995_E_E_multimer_6I3M_AF_MF_OF_OF_unrelaxed_rank_1_model_1.pdb | 0.0462 -0.006106 0.1008 16.22 0.09108 -9.26

9 | 90.55461538461539 | 0.9727_1.265_B_B_multimer_6I3M_OF_OF_unrelaxed_rank_1_model_3.pdb | -0.07077 -0.009152 -0.1137 -23.25 -1.137 16.16

10 | 90.55461538461539 | 1.265_0.9727_B_B_multimer_6I3M_OF_OF_unrelaxed_rank_1_model_3.pdb | 0.06929 0.01709 0.1127 23.12 4.885 -15.64

11 | 90.55307692307692 | 0.9704_1.265_C_C_multimer_6I3M_OF_OF_unrelaxed_rank_1_model_3.pdb | -0.07166 -0.008457 -0.1129 -22.99 -1.415 16.26

12 | 90.55307692307692 | 1.265_0.9704_C_C_multimer_6I3M_OF_OF_unrelaxed_rank_1_model_3.pdb | 0.07026 0.01645 0.112 22.82 5.136 -15.74

13 | 90.50820000000002 | 1.27_2.007_C_C_multimer_6I3M_MF_OF_OF_unrelaxed_rank_1_model_4.pdb | 0.01933 0.03721 0.08198 22.05 -3.655 -7.603

14 | 90.50819999999997 | 2.007_1.27_C_C_multimer_6I3M_MF_OF_OF_unrelaxed_rank_1_model_4.pdb | -0.02233 -0.03549 -0.08274 -21.38 5.61 8.297

15 | 90.05400000000002 | 1.219_2.24_C_C_multimer_6I3M_KF_OF_unrelaxed_rank_1_model_1.pdb | 0.03192 0.03432 0.1319 30 -5.004 -9.489

16 | 90.05399999999997 | 2.24_1.219_C_C_multimer_6I3M_KF_OF_unrelaxed_rank_1_model_1.pdb | -0.03617 -0.02981 -0.133 -28.73 9.235 10.19

17 | 89.95428571428572 | 1.012_1.26_D_D_multimer_6I3M_MF_OF_OF_unrelaxed_rank_1_model_4.pdb | -0.05219 0.007296 -0.1247 -21.54 3.513 10.82

18 | 89.9542857142857 | 1.26_1.012_D_D_multimer_6I3M_MF_OF_OF_unrelaxed_rank_1_model_4.pdb | 0.05269 -0.0007398 0.1249 21.73 -0.2319 -11.01

19 | 89.93435643564358 | 1.99_1.26_D_D_multimer_6I3M_MF_OF_OF_unrelaxed_rank_1_model_4.pdb | -0.01835 -0.03774 -0.08444 -22.08 6.642 7.754

20 | 89.93435643564358 | 1.26_1.99_D_D_multimer_6I3M_MF_OF_OF_unrelaxed_rank_1_model_4.pdb | 0.01511 0.03914 0.08379 22.84 -4.629 -6.983

21 | 89.85615384615386 | 1.295_1.526_B_B_ptm_6I3M_MF_OF_unrelaxed_rank_1_model_3.pdb | 0.03625 0.03057 0.09497 23.13 -0.658 -10.58

22 | 89.85615384615383 | 1.526_1.295_B_B_ptm_6I3M_MF_OF_unrelaxed_rank_1_model_3.pdb | -0.039 -0.02698 -0.09605 -22.63 3.256 11.16

23 | 89.73097087378642 | 1.206_1.295_B_B_ptm_6I3M_MF_OF_unrelaxed_rank_1_model_3.pdb | -0.01696 -0.03651 -0.06534 -18.67 4.286 7.454

24 | 89.7309708737864 | 1.295_1.206_B_B_ptm_6I3M_MF_OF_unrelaxed_rank_1_model_3.pdb | 0.01455 0.03754 0.06475 19.17 -2.943 -6.809

25 | 89.37724137931038 | 1.526_1.206_B_B_ptm_6I3M_MF_OF_unrelaxed_rank_1_model_3.pdb | -0.0226 0.00807 -0.02993 -4.046 -1.756 3.96

26 | 89.37724137931035 | 1.206_1.526_B_B_ptm_6I3M_MF_OF_unrelaxed_rank_1_model_3.pdb | 0.02284 -0.007388 0.0301 3.959 1.966 -3.948

27 | 89.35571428571428 | 1.316_0.9601_B_B_ptm_6I3M_EF_OF_unrelaxed_rank_1_model_3.pdb | 0.04902 0.01164 0.1047 21.03 0.7404 -11.3

28 | 89.35571428571427 | 0.9601_1.316_B_B_ptm_6I3M_EF_OF_unrelaxed_rank_1_model_3.pdb | -0.04997 -0.006436 -0.1052 -20.86 2.026 11.46

29 | 89.28357142857143 | 0.965_1.304_B_B_ptm_6I3M_KF_OF_unrelaxed_rank_1_model_3.pdb | -0.04023 -0.01716 -0.1038 -22.75 3.915 10.41

30 | 89.28357142857143 | 1.304_0.965_B_B_ptm_6I3M_KF_OF_unrelaxed_rank_1_model_3.pdb | 0.03824 0.02122 0.103 23.2 -1.133 -10.07

31 | 89.24012987012986 | 1.27_1.27_C_C_multimer_6I3M_MF_OF_OF_unrelaxed_rank_1_model_4.pdb | 0 0 0 0 0 3.052e-05

32 | 89.23909090909092 | 1.177_0.9999_D_D_multimer_6I3M_KF_KF_OF_unrelaxed_rank_1_model_1.pdb | 0.03672 -0.03993 0.2152 31.21 -10.89 -4.321

33 | 89.2390909090909 | 0.9999_1.177_D_D_multimer_6I3M_KF_KF_OF_unrelaxed_rank_1_model_1.pdb | -0.02738 0.04683 -0.2139 -28.32 17.41 2.556

34 | 89.09022988505748 | 1.004_1.915_D_D_multimer_6I3M_AF_MF_OF_OF_unrelaxed_rank_1_model_1.pdb | -0.03092 0.03301 -0.03529 -0.3939 -3.238 3.623

35 | 89.09022988505748 | 1.915_1.004_D_D_multimer_6I3M_AF_MF_OF_OF_unrelaxed_rank_1_model_1.pdb | 0.03209 -0.03188 0.03631 0.1597 3.361 -3.528

36 | 89.0631067961165 | 1.304_1.149_B_B_ptm_6I3M_KF_OF_unrelaxed_rank_1_model_3.pdb | 0.0126 0.04473 0.05039 17.99 -2.222 -6.972

37 | 89.06310679611647 | 1.149_1.304_B_B_ptm_6I3M_KF_OF_unrelaxed_rank_1_model_3.pdb | -0.01485 -0.04403 -0.05099 -17.53 3.223 7.723

38 | 89.03538461538461 | 1.915_1.281_D_D_multimer_6I3M_AF_MF_OF_OF_unrelaxed_rank_1_model_1.pdb | -0.00793 -0.03305 -0.08206 -20.66 8.304 5.315

39 | 89.0353846153846 | 1.281_1.915_D_D_multimer_6I3M_AF_MF_OF_OF_unrelaxed_rank_1_model_1.pdb | 0.005198 0.03359 0.08184 21.44 -6.546 -4.661

40 | 89.0257142857143 | 0.9433_1.291_B_B_ptm_6I3M_AF_OF_unrelaxed_rank_1_model_3.pdb | -0.04366 -0.01582 -0.1069 -22.98 3.517 11.08

41 | 89.0257142857143 | 1.291_0.9433_B_B_ptm_6I3M_AF_OF_unrelaxed_rank_1_model_3.pdb | 0.04173 0.02038 0.1061 23.4 -0.5759 -10.75

42 | 88.9925 | 0.9749_1.201_F_F_multimer_6I3M_AF_AF_KF_KF_OF_unrelaxed_rank_1_model_1.pdb | -0.03895 0.02602 -0.09803 -12.66 2.517 6.436

43 | 88.9925 | 1.201_0.9749_F_F_multimer_6I3M_AF_AF_KF_KF_OF_unrelaxed_rank_1_model_1.pdb | 0.04132 -0.02207 0.09899 12.67 -1.002 -6.812

44 | 88.975974025974 | 1.219_1.219_C_C_multimer_6I3M_KF_OF_unrelaxed_rank_1_model_1.pdb | 0 -2.794e-08 0 7.629e-06 0 0

45 | 88.96402597402592 | 1.295_1.295_B_B_ptm_6I3M_MF_OF_unrelaxed_rank_1_model_3.pdb | 7.451e-09 0 3.725e-09 0 0 -1.526e-05

46 | 88.91070422535212 | 1.099_1.099_B_B_ptm_6I3M_MF_OF_unrelaxed_rank_1_model_3.pdb | -1.118e-08 0 7.451e-09 7.629e-06 0 0

47 | 88.8646590909091 | 1.874_0.9995_E_E_multimer_6I3M_AF_MF_OF_OF_unrelaxed_rank_1_model_1.pdb | 0.03904 -0.03654 0.02828 -2.522 5.506 -4.437

48 | 88.86465909090909 | 0.9995_1.874_E_E_multimer_6I3M_AF_MF_OF_OF_unrelaxed_rank_1_model_1.pdb | -0.03802 0.0376 -0.02685 2.201 -5.394 4.735

49 | 88.84 | 2.243_1.177_D_D_multimer_6I3M_KF_KF_OF_unrelaxed_rank_1_model_1.pdb | -0.003013 -0.0234 -0.1526 -30.08 17.85 3.325

50 | 88.83999999999996 | 1.177_2.243_D_D_multimer_6I3M_KF_KF_OF_unrelaxed_rank_1_model_1.pdb | -0.0005795 0.02359 0.1526 32.51 -13.06 -2.604

51 | 88.82623376623377 | 1.26_1.26_D_D_multimer_6I3M_MF_OF_OF_unrelaxed_rank_1_model_4.pdb | 0 0 -7.451e-09 0 -1.526e-05 0

52 | 88.79943005181354 | 1.206_1.206_B_B_ptm_6I3M_MF_OF_unrelaxed_rank_1_model_3.pdb | 0 -2.98e-08 0 7.629e-06 1.526e-05 0

53 | 88.78490384615385 | 1.281_1.874_E_E_multimer_6I3M_AF_MF_OF_OF_unrelaxed_rank_1_model_1.pdb | 0.00802 0.03021 0.07225 19 -5.264 -4.793

54 | 88.78490384615382 | 1.874_1.281_E_E_multimer_6I3M_AF_MF_OF_OF_unrelaxed_rank_1_model_1.pdb | -0.01018 -0.02956 -0.07252 -18.42 6.664 5.298

55 | 88.77815533980582 | 1.291_1.174_B_B_ptm_6I3M_AF_OF_unrelaxed_rank_1_model_3.pdb | 0.01512 0.03753 0.0604 18.44 -2.554 -6.932

56 | 88.7781553398058 | 1.174_1.291_B_B_ptm_6I3M_AF_OF_unrelaxed_rank_1_model_3.pdb | -0.01737 -0.03655 -0.061 -17.98 3.777 7.555

57 | 88.74153846153847 | 0.891_1.317_B_B_ptm_6I3M_CF_OF_unrelaxed_rank_1_model_3.pdb | -0.03787 -0.03729 -0.1075 -26.94 4.989 11.99

58 | 88.74153846153847 | 1.317_0.891_B_B_ptm_6I3M_CF_OF_unrelaxed_rank_1_model_3.pdb | 0.03368 0.04112 0.1061 27.75 -1.653 -11.03

59 | 88.70714285714287 | 0.9478_1.315_C_C_ptm_6I3M_KF_KF_OF_unrelaxed_rank_1_model_3.pdb | -0.04424 -0.009951 -0.1044 -21.45 3.018 10.5

60 | 88.70714285714287 | 1.315_0.9478_C_C_ptm_6I3M_KF_KF_OF_unrelaxed_rank_1_model_3.pdb | 0.04297 0.0145 0.1039 21.75 -0.3114 -10.31

61 | 88.70685714285716 | 1.813_1.316_B_B_ptm_6I3M_EF_OF_unrelaxed_rank_1_model_3.pdb | -0.03062 -0.03764 -0.06837 -19.6 2.319 10.27

62 | 88.70685714285713 | 1.316_1.813_B_B_ptm_6I3M_EF_OF_unrelaxed_rank_1_model_3.pdb | 0.02799 0.03963 0.06724 20.09 -0.6825 -9.55

63 | 88.59953367875654 | 1.149_1.149_B_B_ptm_6I3M_KF_OF_unrelaxed_rank_1_model_3.pdb | 0 7.451e-09 1.49e-08 0 0 0

64 | 88.58367816091953 | 1.149_0.965_B_B_ptm_6I3M_KF_OF_unrelaxed_rank_1_model_3.pdb | 0.02801 -0.0241 0.05236 5.115 0.7837 -3.342

65 | 88.58367816091952 | 0.965_1.149_B_B_ptm_6I3M_KF_OF_unrelaxed_rank_1_model_3.pdb | -0.02672 0.02553 -0.05168 -5.228 -0.4246 3.23

66 | 88.5755882352941 | 1.206_1.099_B_B_ptm_6I3M_MF_OF_unrelaxed_rank_1_model_3.pdb | -0.007169 0.06064 -0.06519 -0.9747 5.141 -4.894

67 | 88.57558823529409 | 1.099_1.206_B_B_ptm_6I3M_MF_OF_unrelaxed_rank_1_model_3.pdb | 0.01112 -0.06005 0.06574 1.602 -5.101 4.769

68 | 88.46112676056333 | 1.109_1.109_B_B_ptm_6I3M_KF_OF_unrelaxed_rank_1_model_3.pdb | 0 -3.725e-09 0 2.289e-05 1.526e-05 0

69 | 88.39389610389611 | 1.281_1.281_D_D_multimer_6I3M_AF_MF_OF_OF_unrelaxed_rank_1_model_1.pdb | 7.451e-09 -7.451e-09 0 0 -1.526e-05 0

70 | 88.36125 | 1.2_1.317_B_B_ptm_6I3M_CF_OF_unrelaxed_rank_1_model_3.pdb | -0.01677 -0.03474 -0.06899 -19.02 4.733 7.219

71 | 88.36124999999998 | 1.317_1.2_B_B_ptm_6I3M_CF_OF_unrelaxed_rank_1_model_3.pdb | 0.01434 0.0358 0.06844 19.54 -3.3 -6.601

72 | 88.33597402597404 | 1.304_1.304_B_B_ptm_6I3M_KF_OF_unrelaxed_rank_1_model_3.pdb | 0 -3.725e-09 0 7.629e-06 -1.526e-05 -1.526e-05

73 | 88.31725388601036 | 1.874_1.874_E_E_multimer_6I3M_AF_MF_OF_OF_unrelaxed_rank_1_model_1.pdb | 2.98e-08 -1.49e-08 -1.49e-08 0 0 -1.526e-05

74 | 88.25916666666667 | 1.213_0.9828_E_E_multimer_6I3M_AF_AF_KF_OF_unrelaxed_rank_1_model_1.pdb | 0.04061 -0.01689 0.1054 14.84 -1.61 -7.334

75 | 88.25916666666666 | 0.9828_1.213_E_E_multimer_6I3M_AF_AF_KF_OF_unrelaxed_rank_1_model_1.pdb | -0.03862 0.02106 -0.1047 -14.71 3.449 6.952

76 | 88.22833333333335 | 0.9769_1.293_C_C_multimer_6I3M_MF_OF_unrelaxed_rank_1_model_4.pdb | -0.05179 0.0008598 -0.1318 -23.76 4.666 11.57

77 | 88.22833333333334 | 1.293_0.9769_C_C_multimer_6I3M_MF_OF_unrelaxed_rank_1_model_4.pdb | 0.05146 0.005951 0.1316 24.16 -0.9013 -11.65

78 | 88.14288461538465 | 1.141_1.315_C_C_ptm_6I3M_KF_KF_OF_unrelaxed_rank_1_model_3.pdb | -0.01671 -0.04365 -0.05484 -18.16 3.289 8.011

79 | 88.1428846153846 | 1.315_1.141_C_C_ptm_6I3M_KF_KF_OF_unrelaxed_rank_1_model_3.pdb | 0.0143 0.04449 0.05416 18.65 -2.168 -7.242

80 | 88.13000000000001 | 1.195_0.97_E_E_multimer_6I3M_EF_KF_KF_OF_unrelaxed_rank_1_model_4.pdb | 0.02551 0.0001977 0.1203 21.91 -5.424 -6.028

81 | 88.13 | 0.97_1.195_E_E_multimer_6I3M_EF_KF_KF_OF_unrelaxed_rank_1_model_4.pdb | -0.02535 0.002867 -0.1203 -21.1 8.166 5.826

82 | 88.10402597402596 | 1.281_1.281_E_E_multimer_6I3M_AF_MF_OF_OF_unrelaxed_rank_1_model_1.pdb | 0 1.49e-08 -2.235e-08 1.526e-05 1.526e-05 0

83 | 88.08339805825243 | 1.201_1.9_F_F_multimer_6I3M_AF_AF_KF_KF_OF_unrelaxed_rank_1_model_1.pdb | 0.006406 0.03075 0.06511 17.69 -4.956 -4.493

84 | 88.0833980582524 | 1.9_1.201_F_F_multimer_6I3M_AF_AF_KF_KF_OF_unrelaxed_rank_1_model_1.pdb | -0.008396 -0.03027 -0.06533 -17.19 6.128 4.985

85 | 88.03178571428573 | 1.295_1.099_B_B_ptm_6I3M_MF_OF_unrelaxed_rank_1_model_3.pdb | 0.009865 0.09715 -0.001507 18.04 2.206 -11.66

86 | 88.03178571428569 | 1.099_1.295_B_B_ptm_6I3M_MF_OF_unrelaxed_rank_1_model_3.pdb | -0.009765 -0.09716 0.0005525 -16.82 -2.102 13.38

87 | 88.01454545454544 | 1.291_1.291_B_B_ptm_6I3M_AF_OF_unrelaxed_rank_1_model_3.pdb | -7.451e-09 0 -2.235e-08 2.289e-05 1.526e-05 0

88 | 87.97290155440415 | 1.915_1.915_D_D_multimer_6I3M_AF_MF_OF_OF_unrelaxed_rank_1_model_1.pdb | 7.451e-09 -7.451e-09 0 0 0 3.052e-05

89 | 87.96844660194176 | 1.213_1.999_E_E_multimer_6I3M_AF_AF_KF_OF_unrelaxed_rank_1_model_1.pdb | 0.006746 0.02872 0.07232 18.63 -5.575 -4.529

90 | 87.96844660194171 | 1.999_1.213_E_E_multimer_6I3M_AF_AF_KF_OF_unrelaxed_rank_1_model_1.pdb | -0.008807 -0.02816 -0.07255 -18.04 6.941 5.002

91 | 87.96207792207797 | 1.316_1.316_B_B_ptm_6I3M_EF_OF_unrelaxed_rank_1_model_3.pdb | 0 0 2.98e-08 0 1.526e-05 1.526e-05

92 | 87.91191709844556 | 1.813_1.813_B_B_ptm_6I3M_EF_OF_unrelaxed_rank_1_model_3.pdb | 1.49e-08 -2.98e-08 0 0 -1.526e-05 -1.526e-05

93 | 87.80352112676057 | 1.111_1.111_B_B_ptm_6I3M_AF_OF_unrelaxed_rank_1_model_3.pdb | 7.451e-09 -5.96e-08 -1.118e-08 7.629e-06 0 1.526e-05

94 | 87.80333333333333 | 0.9927_1.219_C_C_multimer_6I3M_KF_OF_unrelaxed_rank_1_model_1.pdb | -0.07776 0.04012 -0.1788 -25.51 4.09 13.19

95 | 87.80333333333333 | 1.219_0.9927_C_C_multimer_6I3M_KF_OF_unrelaxed_rank_1_model_1.pdb | 0.08368 -0.02554 0.1814 25.28 1.615 -14.13

96 | 87.69093023255816 | 0.9478_1.141_C_C_ptm_6I3M_KF_KF_OF_unrelaxed_rank_1_model_3.pdb | -0.02936 0.03212 -0.04834 -3.233 -1.39 3.176

97 | 87.69093023255813 | 1.141_0.9478_C_C_ptm_6I3M_KF_KF_OF_unrelaxed_rank_1_model_3.pdb | 0.03089 -0.03065 0.04928 3.058 1.64 -3.229

98 | 87.66350649350649 | 1.177_1.177_D_D_multimer_6I3M_KF_KF_OF_unrelaxed_rank_1_model_1.pdb | 0 -2.98e-08 1.49e-08 1.526e-05 0 0

99 | 87.6405681818182 | 0.9601_1.813_B_B_ptm_6I3M_EF_OF_unrelaxed_rank_1_model_3.pdb | -0.02145 0.0298 -0.03608 -1.064 -1.229 1.828

100 | 87.64056818181815 | 1.813_0.9601_B_B_ptm_6I3M_EF_OF_unrelaxed_rank_1_model_3.pdb | 0.02252 -0.029 0.03672 0.9644 1.306 -1.83

101 | 87.607012987013 | 1.317_1.317_B_B_ptm_6I3M_CF_OF_unrelaxed_rank_1_model_3.pdb | 0 0 -1.49e-08 0 0 0

102 | 87.56300518134721 | 1.174_1.174_B_B_ptm_6I3M_AF_OF_unrelaxed_rank_1_model_3.pdb | -1.49e-08 0 0 -7.629e-06 1.526e-05 -1.526e-05

103 | 87.50323943661975 | 1.161_1.161_B_B_multimer_6I3M_OF_OF_unrelaxed_rank_1_model_3.pdb | -2.98e-08 -1.49e-08 -2.98e-08 7.629e-06 0 -1.526e-05

104 | 87.48982456140352 | 1.109_1.304_B_B_ptm_6I3M_KF_OF_unrelaxed_rank_1_model_3.pdb | -0.009397 -0.09412 0.004369 -15.59 -2.41 12.92

105 | 87.48982456140348 | 1.304_1.109_B_B_ptm_6I3M_KF_OF_unrelaxed_rank_1_model_3.pdb | 0.009851 0.09407 -0.005275 16.75 2.449 -11.38

106 | 87.45756476683938 | 1.141_1.141_C_C_ptm_6I3M_KF_KF_OF_unrelaxed_rank_1_model_3.pdb | 0 0 0 -1.526e-05 0 1.526e-05

107 | 87.45211267605634 | 1.161_1.161_C_C_multimer_6I3M_OF_OF_unrelaxed_rank_1_model_3.pdb | 0 0 -1.49e-08 -7.629e-06 -1.526e-05 0

108 | 87.41296296296295 | 1.526_1.526_B_B_ptm_6I3M_MF_OF_unrelaxed_rank_1_model_3.pdb | 7.451e-09 0 3.725e-09 0 -1.526e-05 0

109 | 87.4102941176471 | 1.109_1.149_B_B_ptm_6I3M_KF_OF_unrelaxed_rank_1_model_3.pdb | 0.007984 -0.04975 0.05519 1.68 -4.622 4.31

110 | 87.41029411764706 | 1.149_1.109_B_B_ptm_6I3M_KF_OF_unrelaxed_rank_1_model_3.pdb | -0.005236 0.05011 -0.05486 -1.206 4.673 -4.413

111 | 87.35954022988506 | 1.174_0.9433_B_B_ptm_6I3M_AF_OF_unrelaxed_rank_1_model_3.pdb | 0.02834 -0.01781 0.04548 4.922 1.615 -4.028

112 | 87.35954022988504 | 0.9433_1.174_B_B_ptm_6I3M_AF_OF_unrelaxed_rank_1_model_3.pdb | -0.02751 0.01907 -0.04496 -5.062 -1.277 3.976

113 | 87.31129870129871 | 1.213_1.213_E_E_multimer_6I3M_AF_AF_KF_OF_unrelaxed_rank_1_model_1.pdb | -7.451e-09 0 1.63e-08 1.526e-05 -3.052e-05 1.526e-05

114 | 87.28724137931034 | 1.2_0.891_B_B_ptm_6I3M_CF_OF_unrelaxed_rank_1_model_3.pdb | 0.0207 0.004798 0.03773 8.135 1.015 -4.74

115 | 87.28724137931033 | 0.891_1.2_B_B_ptm_6I3M_CF_OF_unrelaxed_rank_1_model_3.pdb | -0.02086 -0.004013 -0.03782 -8.145 -0.6081 4.792

116 | 87.19943661971833 | 1.107_1.107_B_B_ptm_6I3M_EF_OF_unrelaxed_rank_1_model_3.pdb | 0 -2.98e-08 2.98e-08 0 -1.526e-05 -1.526e-05

117 | 87.1932467532468 | 1.201_1.201_F_F_multimer_6I3M_AF_AF_KF_KF_OF_unrelaxed_rank_1_model_1.pdb | 7.451e-09 -2.98e-08 2.235e-08 -1.526e-05 0 0

118 | 87.17753246753243 | 1.315_1.315_C_C_ptm_6I3M_KF_KF_OF_unrelaxed_rank_1_model_3.pdb | -1.49e-08 7.451e-09 0 -7.629e-06 -1.526e-05 0

119 | 87.16774647887323 | 1.133_1.133_B_B_ptm_6I3M_CF_OF_unrelaxed_rank_1_model_3.pdb | -1.49e-08 0 -1.863e-09 0 -1.526e-05 -3.052e-05

120 | 87.10535211267606 | 1.119_1.119_C_C_ptm_6I3M_KF_KF_OF_unrelaxed_rank_1_model_3.pdb | 0 -7.451e-09 -2.98e-08 1.526e-05 0 0

121 | 87.01792746113995 | 1.2_1.2_B_B_ptm_6I3M_CF_OF_unrelaxed_rank_1_model_3.pdb | 1.49e-08 0 5.588e-09 7.629e-06 0 -1.526e-05

122 | 86.89030303030306 | 1.119_1.141_C_C_ptm_6I3M_KF_KF_OF_unrelaxed_rank_1_model_3.pdb | 0.006279 -0.04183 0.05016 2.091 -4.25 3.747

123 | 86.89030303030303 | 1.141_1.119_C_C_ptm_6I3M_KF_KF_OF_unrelaxed_rank_1_model_3.pdb | -0.004179 0.04209 -0.04994 -1.717 4.325 -3.849

124 | 86.88736842105264 | 1.291_1.111_B_B_ptm_6I3M_AF_OF_unrelaxed_rank_1_model_3.pdb | 0.007576 0.09155 0.002571 17.72 1.388 -10.72

125 | 86.88736842105263 | 1.111_1.291_B_B_ptm_6I3M_AF_OF_unrelaxed_rank_1_model_3.pdb | -0.007844 -0.09153 -0.003278 -16.67 -1.25 12.3

126 | 86.86500000000001 | 1.255_0.9888_C_C_multimer_6I3M_GF_OF_unrelaxed_rank_1_model_5.pdb | 0.03317 -0.0425 0.129 14.62 -5.862 -3.149

127 | 86.865 | 0.9888_1.255_C_C_multimer_6I3M_GF_OF_unrelaxed_rank_1_model_5.pdb | -0.02746 0.04639 -0.1277 -13.87 7.775 2.305

128 | 86.7984210526316 | 1.316_1.107_B_B_ptm_6I3M_EF_OF_unrelaxed_rank_1_model_3.pdb | 0.01111 0.09263 -0.0002402 17.35 2.212 -11.49

129 | 86.7984210526316 | 1.107_1.316_B_B_ptm_6I3M_EF_OF_unrelaxed_rank_1_model_3.pdb | -0.01114 -0.09262 -0.0007907 -16.21 -2.071 13.07

130 | 86.79264705882352 | 1.995_1.195_E_E_multimer_6I3M_EF_KF_KF_OF_unrelaxed_rank_1_model_4.pdb | 0.001677 -0.03999 -0.07403 -20.47 9.264 4.198

131 | 86.79264705882349 | 1.195_1.995_E_E_multimer_6I3M_EF_KF_KF_OF_unrelaxed_rank_1_model_4.pdb | -0.004634 0.03976 0.07416 21.25 -7.731 -3.339

132 | 86.78093264248709 | 1.99_1.99_D_D_multimer_6I3M_MF_OF_OF_unrelaxed_rank_1_model_4.pdb | -3.725e-09 0 -3.725e-09 0 -1.526e-05 -1.526e-05

133 | 86.73766233766239 | 1.265_1.265_B_B_multimer_6I3M_OF_OF_unrelaxed_rank_1_model_3.pdb | 0 -7.451e-09 0 7.629e-06 -1.526e-05 -1.526e-05

134 | 86.72870466321245 | 2.007_2.007_C_C_multimer_6I3M_MF_OF_OF_unrelaxed_rank_1_model_4.pdb | 1.49e-08 2.98e-08 3.725e-08 0 0 0

135 | 86.68831168831167 | 1.265_1.265_C_C_multimer_6I3M_OF_OF_unrelaxed_rank_1_model_3.pdb | -1.49e-08 2.98e-08 0 -7.629e-06 1.526e-05 1.526e-05

136 | 86.50189655172416 | 1.161_1.265_B_B_multimer_6I3M_OF_OF_unrelaxed_rank_1_model_3.pdb | 3.175e-05 -0.08951 -0.03265 -21.65 3.942 10.91

137 | 86.50189655172413 | 1.265_1.161_B_B_multimer_6I3M_OF_OF_unrelaxed_rank_1_model_3.pdb | -0.002962 0.08947 0.03279 22.65 -3.233 -8.92

138 | 86.47558823529414 | 1.111_1.174_B_B_ptm_6I3M_AF_OF_unrelaxed_rank_1_model_3.pdb | 0.01284 -0.0543 0.05747 1.058 -3.916 3.733

139 | 86.47558823529413 | 1.174_1.111_B_B_ptm_6I3M_AF_OF_unrelaxed_rank_1_model_3.pdb | -0.009713 0.05495 -0.05685 -0.6271 3.922 -3.823

140 | 86.4594827586207 | 1.161_1.265_C_C_multimer_6I3M_OF_OF_unrelaxed_rank_1_model_3.pdb | 0.00028 -0.08963 -0.03316 -21.76 4.053 10.88

141 | 86.45948275862067 | 1.265_1.161_C_C_multimer_6I3M_OF_OF_unrelaxed_rank_1_model_3.pdb | -0.00326 0.08957 0.03332 22.77 -3.332 -8.875

142 | 86.42517857142856 | 1.317_1.133_B_B_ptm_6I3M_CF_OF_unrelaxed_rank_1_model_3.pdb | 0.01178 0.1007 -0.0002379 18.94 2.417 -12.35

143 | 86.42517857142855 | 1.133_1.317_B_B_ptm_6I3M_CF_OF_unrelaxed_rank_1_model_3.pdb | -0.01181 -0.1007 -0.0009507 -17.6 -2.254 14.22

144 | 86.27941176470591 | 1.2_1.133_B_B_ptm_6I3M_CF_OF_unrelaxed_rank_1_model_3.pdb | -0.005022 0.06593 -0.06754 -0.4163 5.663 -5.818

145 | 86.27941176470587 | 1.133_1.2_B_B_ptm_6I3M_CF_OF_unrelaxed_rank_1_model_3.pdb | 0.009476 -0.06544 0.06801 1.179 -5.65 5.724

146 | 86.258652849741 | 1.9_1.9_F_F_multimer_6I3M_AF_AF_KF_KF_OF_unrelaxed_rank_1_model_1.pdb | -1.49e-08 0 -7.451e-09 7.629e-06 0 1.526e-05

147 | 86.21600000000001 | 1.281_1.156_E_E_multimer_6I3M_AF_MF_OF_OF_unrelaxed_rank_1_model_1.pdb | 0.006022 0.09486 0.01768 21.06 -0.2285 -11.04

148 | 86.21600000000001 | 1.156_1.281_E_E_multimer_6I3M_AF_MF_OF_OF_unrelaxed_rank_1_model_1.pdb | -0.00773 -0.09474 -0.01833 -19.91 0.6788 12.98

149 | 86.10323529411767 | 2.119_1.265_B_B_multimer_6I3M_OF_OF_unrelaxed_rank_1_model_3.pdb | -0.02532 -0.04833 -0.07371 -22.35 4.055 10.08

150 | 86.10323529411764 | 1.265_2.119_B_B_multimer_6I3M_OF_OF_unrelaxed_rank_1_model_3.pdb | 0.02172 0.05005 0.07255 23.04 -2.17 -9.035

151 | 86.09205882352941 | 1.813_1.107_B_B_ptm_6I3M_EF_OF_unrelaxed_rank_1_model_3.pdb | -0.01954 0.05495 -0.06577 -2.616 3.02 -1.923

152 | 86.0920588235294 | 1.107_1.813_B_B_ptm_6I3M_EF_OF_unrelaxed_rank_1_model_3.pdb | 0.02314 -0.05353 0.06693 2.911 -2.875 1.71

153 | 86.05774647887324 | 1.193_1.193_D_D_multimer_6I3M_KF_KF_OF_unrelaxed_rank_1_model_1.pdb | -1.49e-08 2.98e-08 5.588e-09 -7.629e-06 -1.526e-05 0

154 | 86.03274509803923 | 2.118_1.265_C_C_multimer_6I3M_OF_OF_unrelaxed_rank_1_model_3.pdb | -0.02623 -0.04768 -0.07307 -22.12 3.787 10.17

155 | 86.0327450980392 | 1.265_2.118_C_C_multimer_6I3M_OF_OF_unrelaxed_rank_1_model_3.pdb | 0.02271 0.04945 0.07188 22.79 -1.923 -9.15

156 | 86.02750000000002 | 1.315_1.119_C_C_ptm_6I3M_KF_KF_OF_unrelaxed_rank_1_model_3.pdb | 0.01237 0.08581 0.003478 16.86 2.121 -11.1

157 | 86.02749999999995 | 1.119_1.315_C_C_ptm_6I3M_KF_KF_OF_unrelaxed_rank_1_model_3.pdb | -0.01272 -0.08576 -0.004555 -15.86 -1.908 12.53

158 | 86.02153846153848 | 0.9947_1.244_C_C_multimer_6I3M_CF_OF_unrelaxed_rank_1_model_3.pdb | -0.05231 0.01609 -0.14 -22.73 4.987 9.923

159 | 86.02153846153844 | 1.244_0.9947_C_C_multimer_6I3M_CF_OF_unrelaxed_rank_1_model_3.pdb | 0.05405 -0.008614 0.1407 23.04 -1.226 -10.37

160 | 85.94267605633804 | 1.136_1.136_C_C_multimer_6I3M_MF_OF_OF_unrelaxed_rank_1_model_4.pdb | 0 0 -2.235e-08 0 1.526e-05 -1.526e-05

161 | 85.76857142857145 | 1.281_1.15_D_D_multimer_6I3M_AF_MF_OF_OF_unrelaxed_rank_1_model_1.pdb | 0.005556 0.1013 0.02068 22.88 -0.5576 -11.48

162 | 85.76857142857143 | 1.15_1.281_D_D_multimer_6I3M_AF_MF_OF_OF_unrelaxed_rank_1_model_1.pdb | -0.007685 -0.1012 -0.02135 -21.58 1.107 13.72

163 | 85.71611111111109 | 0.891_0.891_B_B_ptm_6I3M_CF_OF_unrelaxed_rank_1_model_3.pdb | 1.49e-08 0 -3.725e-09 7.629e-06 -1.526e-05 -1.526e-05

164 | 85.65077922077927 | 1.195_1.195_E_E_multimer_6I3M_EF_KF_KF_OF_unrelaxed_rank_1_model_4.pdb | -2.98e-08 0 0 -1.526e-05 0 1.526e-05

165 | 85.64274611398963 | 2.243_2.243_D_D_multimer_6I3M_KF_KF_OF_unrelaxed_rank_1_model_1.pdb | 0 -2.98e-08 -5.588e-09 1.526e-05 0 -1.526e-05

166 | 85.61807017543865 | 1.177_1.193_D_D_multimer_6I3M_KF_KF_OF_unrelaxed_rank_1_model_1.pdb | 0.02008 0.0656 0.04833 21.62 -0.7131 -10.97

167 | 85.6180701754386 | 1.193_1.177_D_D_multimer_6I3M_KF_KF_OF_unrelaxed_rank_1_model_1.pdb | -0.02328 -0.06454 -0.04974 -20.8 2.005 12.32

168 | 85.6022535211267 | 1.132_1.132_D_D_multimer_6I3M_MF_OF_OF_unrelaxed_rank_1_model_4.pdb | 0 0 -1.118e-08 0 0 -1.526e-05

169 | 85.6002 | 2.012_1.244_C_C_multimer_6I3M_CF_OF_unrelaxed_rank_1_model_3.pdb | -0.02037 -0.03539 -0.09169 -22.92 7.116 7.812

170 | 85.6002 | 1.244_2.012_C_C_multimer_6I3M_CF_OF_unrelaxed_rank_1_model_3.pdb | 0.01705 0.0371 0.09101 23.74 -4.845 -7.077

171 | 85.57166666666666 | 0.965_0.965_B_B_ptm_6I3M_KF_OF_unrelaxed_rank_1_model_3.pdb | 0 -5.588e-09 1.49e-08 7.629e-06 0 0

172 | 85.48886010362692 | 1.995_1.995_E_E_multimer_6I3M_EF_KF_KF_OF_unrelaxed_rank_1_model_4.pdb | 1.49e-08 0 -1.49e-08 7.629e-06 1.526e-05 1.526e-05

173 | 85.4148275862069 | 1.02_2.007_C_C_multimer_6I3M_MF_OF_OF_unrelaxed_rank_1_model_4.pdb | -0.0391 0.03418 -0.03959 -1.106 -4.497 5.259

174 | 85.41482758620688 | 2.007_1.02_C_C_multimer_6I3M_MF_OF_OF_unrelaxed_rank_1_model_4.pdb | 0.04045 -0.03258 0.04091 0.7471 4.741 -5.107

175 | 85.34906735751302 | 1.999_1.999_E_E_multimer_6I3M_AF_AF_KF_OF_unrelaxed_rank_1_model_1.pdb | 0 7.451e-09 9.313e-10 0 -1.526e-05 -1.526e-05

176 | 85.34591549295776 | 1.15_1.15_D_D_multimer_6I3M_AF_MF_OF_OF_unrelaxed_rank_1_model_1.pdb | -7.451e-09 7.451e-09 0 -1.526e-05 -1.526e-05 1.526e-05

177 | 85.3394827586207 | 1.27_1.136_C_C_multimer_6I3M_MF_OF_OF_unrelaxed_rank_1_model_4.pdb | 0.007841 0.09979 0.005194 19.61 1.081 -11.73

178 | 85.33948275862068 | 1.136_1.27_C_C_multimer_6I3M_MF_OF_OF_unrelaxed_rank_1_model_4.pdb | -0.0084 -0.09974 -0.006005 -18.35 -0.8722 13.63

179 | 85.29766990291262 | 1.198_1.057_B_B_ptm_6I3M_GF_OF_unrelaxed_rank_1_model_4.pdb | -0.0004782 0.02049 0.08815 20.11 -8.035 -2.23

180 | 85.2976699029126 | 1.057_1.198_B_B_ptm_6I3M_GF_OF_unrelaxed_rank_1_model_4.pdb | -0.001328 -0.02046 -0.08815 -19.27 9.772 2.631

181 | 85.2317241379311 | 1.132_1.26_D_D_multimer_6I3M_MF_OF_OF_unrelaxed_rank_1_model_4.pdb | -0.007592 -0.1013 -0.01201 -19.79 0.01282 13.69

182 | 85.23172413793102 | 1.26_1.132_D_D_multimer_6I3M_MF_OF_OF_unrelaxed_rank_1_model_4.pdb | 0.00641 0.1014 0.0113 21.07 0.3129 -11.61

183 | 85.12535211267604 | 1.197_1.197_C_C_multimer_6I3M_KF_OF_unrelaxed_rank_1_model_1.pdb | 7.451e-09 -3.353e-08 0 0 0 1.526e-05

184 | 85.1129577464789 | 1.156_1.156_E_E_multimer_6I3M_AF_MF_OF_OF_unrelaxed_rank_1_model_1.pdb | 2.98e-08 7.451e-09 -7.451e-09 -1.526e-05 1.526e-05 0

185 | 84.9925 | 0.9749_1.9_F_F_multimer_6I3M_AF_AF_KF_KF_OF_unrelaxed_rank_1_model_1.pdb | -0.0342 0.05416 -0.03171 4.556 -4.327 2.601

186 | 84.99249999999998 | 1.9_0.9749_F_F_multimer_6I3M_AF_AF_KF_KF_OF_unrelaxed_rank_1_model_1.pdb | 0.03595 -0.05302 0.03359 -4.825 4.258 -2.199

187 | 84.96569948186526 | 2.24_2.24_C_C_multimer_6I3M_KF_OF_unrelaxed_rank_1_model_1.pdb | 0 5.472e-09 0 -7.629e-06 0 0

188 | 84.92 | 0.8483_1.198_B_B_ptm_6I3M_GF_OF_unrelaxed_rank_1_model_4.pdb | -0.02004 0.001783 -0.1272 -22.59 9.941 4.518

189 | 84.91999999999997 | 1.198_0.8483_B_B_ptm_6I3M_GF_OF_unrelaxed_rank_1_model_4.pdb | 0.0201 0.0007743 0.1272 23.66 -6.901 -4.7

190 | 84.79563380281691 | 1.105_1.105_B_B_ptm_6I3M_IF_OF_unrelaxed_rank_1_model_5.pdb | 0 0 -1.49e-08 -1.526e-05 -1.526e-05 0

191 | 84.76343137254902 | 2.093_1.293_C_C_multimer_6I3M_MF_OF_unrelaxed_rank_1_model_4.pdb | -0.008168 -0.05188 -0.1031 -27.83 11.3 7.311

192 | 84.763431372549 | 1.293_2.093_C_C_multimer_6I3M_MF_OF_unrelaxed_rank_1_model_4.pdb | 0.00279 0.05244 0.1028 29.19 -8.322 -5.873

193 | 84.57932038834953 | 1.093_1.133_B_B_ptm_6I3M_IF_OF_unrelaxed_rank_1_model_5.pdb | 0.009703 0.02315 0.05887 15.18 -3.56 -4.566

194 | 84.57932038834952 | 1.133_1.093_B_B_ptm_6I3M_IF_OF_unrelaxed_rank_1_model_5.pdb | -0.01105 -0.02254 -0.05911 -14.83 4.494 4.868

195 | 84.57590909090912 | 0.97_1.995_E_E_multimer_6I3M_EF_KF_KF_OF_unrelaxed_rank_1_model_4.pdb | -0.03015 0.04073 -0.04517 -0.9356 -2.141 2.745

196 | 84.57590909090911 | 1.995_0.97_E_E_multimer_6I3M_EF_KF_KF_OF_unrelaxed_rank_1_model_4.pdb | 0.03198 -0.0393 0.04641 0.7256 2.264 -2.71

197 | 84.4944444444445 | 1.255_1.128_C_C_multimer_6I3M_GF_OF_unrelaxed_rank_1_model_5.pdb | 0.00115 0.1671 0.01204 33.12 -0.3023 -16.36

198 | 84.49444444444444 | 1.128_1.255_C_C_multimer_6I3M_GF_OF_unrelaxed_rank_1_model_5.pdb | -0.003195 -0.167 -0.0124 -29.93 0.7258 21.63

199 | 84.4471264367816 | 1.99_1.012_D_D_multimer_6I3M_MF_OF_OF_unrelaxed_rank_1_model_4.pdb | 0.03919 -0.04047 0.04057 -0.8949 4.414 -4.058

200 | 84.44712643678159 | 1.012_1.99_D_D_multimer_6I3M_MF_OF_OF_unrelaxed_rank_1_model_4.pdb | -0.03755 0.04199 -0.03898 0.5505 -4.283 4.254

201 | 84.43636363636365 | 1.244_1.244_C_C_multimer_6I3M_CF_OF_unrelaxed_rank_1_model_3.pdb | -4.47e-08 0 -4.47e-08 1.526e-05 1.526e-05 -1.526e-05

202 | 84.41408450704229 | 1.113_1.113_B_B_ptm_6I3M_GF_OF_unrelaxed_rank_1_model_4.pdb | -1.49e-08 2.98e-08 0 1.526e-05 1.526e-05 1.526e-05

203 | 84.41 | 0.8429_1.093_B_B_ptm_6I3M_IF_OF_unrelaxed_rank_1_model_5.pdb | -0.01735 -0.009337 -0.09894 -19.84 7.367 5.015

204 | 84.41 | 1.093_0.8429_B_B_ptm_6I3M_IF_OF_unrelaxed_rank_1_model_5.pdb | 0.01634 0.011 0.09877 20.52 -5.287 -4.916

205 | 84.31750000000001 | 0.8429_1.133_B_B_ptm_6I3M_IF_OF_unrelaxed_rank_1_model_5.pdb | -0.007068 0.01281 -0.03968 -5.141 2.252 0.3698

206 | 84.31749999999998 | 1.133_0.8429_B_B_ptm_6I3M_IF_OF_unrelaxed_rank_1_model_5.pdb | 0.007571 -0.01252 0.03977 5.221 -2.043 -0.4512

207 | 84.27964912280702 | 1.219_1.197_C_C_multimer_6I3M_KF_OF_unrelaxed_rank_1_model_1.pdb | 0.02968 0.07804 0.05489 25.26 0.5444 -13.9

208 | 84.27964912280702 | 1.197_1.219_C_C_multimer_6I3M_KF_OF_unrelaxed_rank_1_model_1.pdb | -0.03401 -0.07626 -0.05735 -24.09 1.312 15.8

209 | 84.27246913580247 | 2.118_0.9704_C_C_multimer_6I3M_OF_OF_unrelaxed_rank_1_model_3.pdb | 0.04954 -0.03387 0.03935 0.2101 6.887 -6.769

210 | 84.27246913580245 | 0.9704_2.118_C_C_multimer_6I3M_OF_OF_unrelaxed_rank_1_model_3.pdb | -0.0482 0.03575 -0.03765 -0.7098 -6.53 7.081

211 | 84.21098591549298 | 1.176_1.176_F_F_multimer_6I3M_AF_AF_KF_KF_OF_unrelaxed_rank_1_model_1.pdb | 0 2.98e-08 7.451e-09 -7.629e-06 1.526e-05 0

212 | 84.12701923076924 | 1.421_1.255_C_C_multimer_6I3M_GF_OF_unrelaxed_rank_1_model_5.pdb | 0.008761 -0.01792 -0.09885 -20.55 13.36 0.2642

213 | 84.1270192307692 | 1.255_1.421_C_C_multimer_6I3M_GF_OF_unrelaxed_rank_1_model_5.pdb | -0.01049 0.01697 0.09902 21.77 -11.27 0.2247

214 | 83.99517241379311 | 1.201_1.176_F_F_multimer_6I3M_AF_AF_KF_KF_OF_unrelaxed_rank_1_model_1.pdb | 0.001548 0.08841 0.01306 18.83 -0.7055 -9.636

215 | 83.99517241379309 | 1.176_1.201_F_F_multimer_6I3M_AF_AF_KF_KF_OF_unrelaxed_rank_1_model_1.pdb | -0.002712 -0.08839 -0.01325 -17.9 0.9688 11.26

216 | 83.97518518518517 | 0.9478_0.9478_C_C_ptm_6I3M_KF_KF_OF_unrelaxed_rank_1_model_3.pdb | 7.451e-09 1.863e-08 2.98e-08 -1.526e-05 0 1.526e-05

217 | 83.95870129870126 | 1.198_1.198_B_B_ptm_6I3M_GF_OF_unrelaxed_rank_1_model_4.pdb | 0 0 2.98e-08 0 0 1.526e-05

218 | 83.93740259740264 | 1.293_1.293_C_C_multimer_6I3M_MF_OF_unrelaxed_rank_1_model_4.pdb | 0 2.98e-08 -3.725e-08 7.629e-06 3.052e-05 0

219 | 83.92935483870967 | 1.057_1.113_B_B_ptm_6I3M_GF_OF_unrelaxed_rank_1_model_4.pdb | -0.005685 0.09824 -0.08346 3.009 6.981 -8.782

220 | 83.92935483870966 | 1.113_1.057_B_B_ptm_6I3M_GF_OF_unrelaxed_rank_1_model_4.pdb | 0.01391 -0.09742 0.08442 -1.544 -7.259 8.936

221 | 83.79615384615384 | 0.9708_1.121_C_C_multimer_6I3M_EF_OF_unrelaxed_rank_1_model_3.pdb | -0.0571 -0.009981 -0.148 -29.27 5.792 13.37

222 | 83.79615384615384 | 1.121_0.9708_C_C_multimer_6I3M_EF_OF_unrelaxed_rank_1_model_3.pdb | 0.05501 0.01827 0.1473 29.94 -0.6628 -13.13

223 | 83.7732467532468 | 1.255_1.255_C_C_multimer_6I3M_GF_OF_unrelaxed_rank_1_model_5.pdb | -4.47e-08 2.98e-08 0 1.526e-05 1.526e-05 0

224 | 83.70499999999998 | 0.9433_0.9433_B_B_ptm_6I3M_AF_OF_unrelaxed_rank_1_model_3.pdb | 0 2.98e-08 3.725e-09 -7.629e-06 1.526e-05 3.052e-05

225 | 83.68480519480514 | 1.093_1.093_B_B_ptm_6I3M_IF_OF_unrelaxed_rank_1_model_5.pdb | -3.353e-08 0 2.98e-08 -7.629e-06 0 1.526e-05

226 | 83.68250000000003 | 2.119_0.9727_B_B_multimer_6I3M_OF_OF_unrelaxed_rank_1_model_3.pdb | 0.04959 -0.03378 0.03948 0.2545 6.886 -6.782

227 | 83.68249999999998 | 0.9727_2.119_B_B_multimer_6I3M_OF_OF_unrelaxed_rank_1_model_3.pdb | -0.04824 0.03567 -0.03778 -0.7549 -6.527 7.093

228 | 83.67212121212123 | 1.105_1.133_B_B_ptm_6I3M_IF_OF_unrelaxed_rank_1_model_5.pdb | 0.02057 -0.07863 0.05771 -3.441 -3.006 5.256

229 | 83.67212121212121 | 1.133_1.105_B_B_ptm_6I3M_IF_OF_unrelaxed_rank_1_model_5.pdb | -0.01606 0.07967 -0.05626 4.011 2.7 -5.012

230 | 83.61823834196895 | 1.057_1.057_B_B_ptm_6I3M_GF_OF_unrelaxed_rank_1_model_4.pdb | 7.451e-09 -2.98e-08 -2.98e-08 1.526e-05 1.526e-05 0

231 | 83.61497409326428 | 1.421_1.421_C_C_multimer_6I3M_GF_OF_unrelaxed_rank_1_model_5.pdb | 4.47e-08 0 0 1.526e-05 1.526e-05 0

232 | 83.61326424870465 | 2.119_2.119_B_B_multimer_6I3M_OF_OF_unrelaxed_rank_1_model_3.pdb | 0 7.451e-09 0 -7.629e-06 0 -1.526e-05

233 | 83.49763636363636 | 1.154_1.195_E_E_multimer_6I3M_EF_KF_KF_OF_unrelaxed_rank_1_model_4.pdb | 0.01577 -0.09255 -0.01497 -19.21 4.441 8.227

234 | 83.49763636363635 | 1.195_1.154_E_E_multimer_6I3M_EF_KF_KF_OF_unrelaxed_rank_1_model_4.pdb | -0.01723 0.0923 0.01649 19.95 -4.254 -6.345

235 | 83.48787564766845 | 2.118_2.118_C_C_multimer_6I3M_OF_OF_unrelaxed_rank_1_model_3.pdb | 0 0 0 -1.526e-05 0 0

236 | 83.45444444444443 | 1.004_1.004_D_D_multimer_6I3M_AF_MF_OF_OF_unrelaxed_rank_1_model_1.pdb | 0 1.118e-08 0 1.526e-05 0 0

237 | 83.40870588235293 | 0.8483_1.057_B_B_ptm_6I3M_GF_OF_unrelaxed_rank_1_model_4.pdb | -0.0206 0.0205 -0.03869 -3.67 -0.6228 2.485

238 | 83.40870588235293 | 1.057_0.8483_B_B_ptm_6I3M_GF_OF_unrelaxed_rank_1_model_4.pdb | 0.02138 -0.01968 0.03911 3.591 0.8169 -2.543

239 | 83.38384615384615 | 0.9607_1.186_C_C_multimer_6I3M_AF_OF_unrelaxed_rank_1_model_5.pdb | -0.05742 -0.002558 -0.1207 -22.83 2.156 12.95

240 | 83.38384615384615 | 1.186_0.9607_C_C_multimer_6I3M_AF_OF_unrelaxed_rank_1_model_5.pdb | 0.05669 0.009444 0.1204 22.96 1.348 -12.84

241 | 83.34185185185187 | 0.9995_0.9995_E_E_multimer_6I3M_AF_MF_OF_OF_unrelaxed_rank_1_model_1.pdb | 2.98e-08 -1.49e-08 -2.98e-08 -1.526e-05 -1.526e-05 0

242 | 83.33965517241379 | 1.113_1.198_B_B_ptm_6I3M_GF_OF_unrelaxed_rank_1_model_4.pdb | 0.003933 -0.1187 -0.004046 -21.21 0.8465 13.56

243 | 83.33965517241377 | 1.198_1.113_B_B_ptm_6I3M_GF_OF_unrelaxed_rank_1_model_4.pdb | -0.004444 0.1187 0.004544 22.67 -0.8038 -10.95

244 | 83.2888888888889 | 0.9601_0.9601_B_B_ptm_6I3M_EF_OF_unrelaxed_rank_1_model_3.pdb | -2.98e-08 0 -2.98e-08 1.526e-05 0 1.526e-05

245 | 83.11157894736843 | 1.105_1.093_B_B_ptm_6I3M_IF_OF_unrelaxed_rank_1_model_5.pdb | 0.004861 -0.1022 -0.001217 -18.07 0.5493 11.36

246 | 83.11157894736841 | 1.093_1.105_B_B_ptm_6I3M_IF_OF_unrelaxed_rank_1_model_5.pdb | -0.005011 0.1022 0.001722 19.13 -0.5733 -9.458

247 | 83.10953367875639 | 1.133_1.133_B_B_ptm_6I3M_IF_OF_unrelaxed_rank_1_model_5.pdb | 3.725e-09 0 0 7.629e-06 0 1.526e-05

248 | 83.06715025906733 | 2.093_2.093_C_C_multimer_6I3M_MF_OF_unrelaxed_rank_1_model_4.pdb | 1.49e-08 -2.98e-08 0 2.289e-05 -1.526e-05 0

249 | 82.88816901408454 | 1.128_1.128_C_C_multimer_6I3M_GF_OF_unrelaxed_rank_1_model_5.pdb | 0 2.98e-08 -2.98e-08 -7.629e-06 -1.526e-05 0

250 | 82.80744186046515 | 0.8045_0.9108_D_D_ptm_6I3M_AF_AF_KF_OF_unrelaxed_rank_1_model_5.pdb | -0.01782 0.04359 -0.02514 3.784 -1.403 -0.132

251 | 82.80744186046512 | 0.9108_0.8045_D_D_ptm_6I3M_AF_AF_KF_OF_unrelaxed_rank_1_model_5.pdb | 0.01892 -0.04312 0.02593 -3.809 1.302 0.3215

252 | 82.68901408450704 | 1.187_1.187_E_E_multimer_6I3M_AF_AF_KF_OF_unrelaxed_rank_1_model_1.pdb | 0 -1.49e-08 7.451e-09 0 1.526e-05 1.526e-05

253 | 82.68800000000002 | 0.7944_0.9681_B_B_ptm_6I3M_OF_OF_unrelaxed_rank_1_model_5.pdb | -0.003657 0.005476 -0.08507 -14.21 7.976 0.9761

254 | 82.68800000000002 | 0.9681_0.7944_B_B_ptm_6I3M_OF_OF_unrelaxed_rank_1_model_5.pdb | 0.004109 -0.005145 0.08509 14.83 -6.735 -1.082

255 | 82.67172413793105 | 1.213_1.187_E_E_multimer_6I3M_AF_AF_KF_OF_unrelaxed_rank_1_model_1.pdb | 0.001574 0.09402 0.0128 19.8 -0.658 -10.15

256 | 82.67172413793101 | 1.187_1.213_E_E_multimer_6I3M_AF_AF_KF_OF_unrelaxed_rank_1_model_1.pdb | -0.002787 -0.09399 -0.013 -18.75 0.9302 11.96

257 | 82.584 | 0.7974_0.9652_A_A_ptm_6I3M_OF_OF_unrelaxed_rank_1_model_5.pdb | -0.001873 0.0006859 -0.08304 -14.69 8.153 1.137

258 | 82.584 | 0.9652_0.7974_A_A_ptm_6I3M_OF_OF_unrelaxed_rank_1_model_5.pdb | 0.001924 -0.0005282 0.08304 15.31 -6.904 -1.16

259 | 82.5255958549222 | 2.012_2.012_C_C_multimer_6I3M_CF_OF_unrelaxed_rank_1_model_3.pdb | 0 -2.98e-08 -1.118e-08 0 -1.526e-05 0

260 | 82.48436619718309 | 1.145_1.145_C_C_multimer_6I3M_MF_OF_unrelaxed_rank_1_model_4.pdb | -1.863e-08 -2.98e-08 -1.49e-08 2.289e-05 -1.526e-05 0

261 | 82.35492957746473 | 1.154_1.154_E_E_multimer_6I3M_EF_KF_KF_OF_unrelaxed_rank_1_model_4.pdb | 0 0 -2.98e-08 0 0 1.526e-05

262 | 82.31583333333334 | 0.7917_0.9387_D_D_ptm_6I3M_EF_KF_KF_OF_unrelaxed_rank_1_model_5.pdb | -0.01938 -0.000717 -0.09172 -16.67 5.699 4.671

263 | 82.31583333333333 | 0.9387_0.7917_D_D_ptm_6I3M_EF_KF_KF_OF_unrelaxed_rank_1_model_5.pdb | 0.01924 0.002489 0.09169 17.13 -4.057 -4.739

264 | 82.25333333333333 | 0.8045_0.8766_D_D_ptm_6I3M_AF_AF_KF_OF_unrelaxed_rank_1_model_5.pdb | -0.01313 0.01668 -0.08643 -12.18 6.265 1.732

265 | 82.25333333333333 | 0.8766_0.8045_D_D_ptm_6I3M_AF_AF_KF_OF_unrelaxed_rank_1_model_5.pdb | 0.01452 -0.01548 0.08665 12.64 -5.165 -2.011

266 | 82.23181818181818 | 0.9527_1.144_C_C_multimer_6I3M_IF_OF_unrelaxed_rank_1_model_5.pdb | -0.03789 0.007852 -0.1691 -28.94 11.12 8.042

267 | 82.23181818181818 | 1.144_0.9527_C_C_multimer_6I3M_IF_OF_unrelaxed_rank_1_model_5.pdb | 0.03867 -0.001361 0.1693 30.34 -5.777 -8.505

268 | 82.08505747126438 | 1.999_0.9828_E_E_multimer_6I3M_AF_AF_KF_OF_unrelaxed_rank_1_model_1.pdb | 0.03481 -0.04582 0.03282 -3.569 4.21 -2.732

269 | 82.08505747126435 | 0.9828_1.999_E_E_multimer_6I3M_AF_AF_KF_OF_unrelaxed_rank_1_model_1.pdb | -0.03333 0.04691 -0.03124 3.3 -4.221 3.035

270 | 82.05808988764048 | 1.421_0.9888_C_C_multimer_6I3M_GF_OF_unrelaxed_rank_1_model_5.pdb | 0.04418 -0.05914 0.03064 -6.633 6.118 -3.197

271 | 82.05808988764043 | 0.9888_1.421_C_C_multimer_6I3M_GF_OF_unrelaxed_rank_1_model_5.pdb | -0.04243 0.06041 -0.02805 6.243 -6.154 3.848

272 | 82.03148148148148 | 0.8429_0.8429_B_B_ptm_6I3M_IF_OF_unrelaxed_rank_1_model_5.pdb | 0 0 0 0 -1.526e-05 0

273 | 82.0232394366197 | 1.097_1.097_B_B_ptm_6I3M_OF_OF_unrelaxed_rank_1_model_5.pdb | -2.794e-08 0 0 7.629e-06 1.526e-05 1.526e-05

274 | 81.7925 | 2.131_1.121_C_C_multimer_6I3M_EF_OF_unrelaxed_rank_1_model_3.pdb | -0.01623 -0.05008 -0.1085 -28.67 10.32 8.485

275 | 81.79249999999998 | 1.121_2.131_C_C_multimer_6I3M_EF_OF_unrelaxed_rank_1_model_3.pdb | 0.01072 0.05154 0.1079 30.01 -7.042 -7.107

276 | 81.68859154929581 | 1.045_1.045_D_D_ptm_6I3M_AF_AF_KF_OF_unrelaxed_rank_1_model_5.pdb | 1.49e-08 1.863e-08 -1.49e-08 0 0 -3.052e-05

277 | 81.66425287356324 | 0.9769_2.093_C_C_multimer_6I3M_MF_OF_unrelaxed_rank_1_model_4.pdb | -0.04888 0.04791 -0.02636 4.045 -7.71 6.162

278 | 81.66425287356324 | 2.093_0.9769_C_C_multimer_6I3M_MF_OF_unrelaxed_rank_1_model_4.pdb | 0.05018 -0.04655 0.0287 -4.537 7.882 -5.573

279 | 81.51619718309863 | 0.9402_0.9402_D_D_ptm_6I3M_EF_KF_KF_OF_unrelaxed_rank_1_model_5.pdb | -1.49e-08 0 2.98e-08 -1.526e-05 1.526e-05 0

280 | 81.50717647058826 | 0.7917_0.8916_D_D_ptm_6I3M_EF_KF_KF_OF_unrelaxed_rank_1_model_5.pdb | -0.02798 0.03303 -0.02554 1.391 -3.391 2.807

281 | 81.50717647058823 | 0.8916_0.7917_D_D_ptm_6I3M_EF_KF_KF_OF_unrelaxed_rank_1_model_5.pdb | 0.02883 -0.03229 0.02647 -1.569 3.43 -2.661

282 | 81.38000000000001 | 0.9337_0.8177_B_B_ptm_6I3M_MF_OF_OF_unrelaxed_rank_1_model_5.pdb | 0.0278 0.00438 0.05265 10.32 0.8727 -6.419

283 | 81.38 | 0.8177_0.9337_B_B_ptm_6I3M_MF_OF_OF_unrelaxed_rank_1_model_5.pdb | -0.02799 -0.00291 -0.05275 -10.32 -0.1487 6.471

284 | 81.3783495145631 | 0.8912_0.9681_B_B_ptm_6I3M_OF_OF_unrelaxed_rank_1_model_5.pdb | 0.01343 -0.03102 -0.05328 -15.32 8.558 0.946

285 | 81.3783495145631 | 0.9681_0.8912_B_B_ptm_6I3M_OF_OF_unrelaxed_rank_1_model_5.pdb | -0.01507 0.03026 0.05372 15.78 -7.735 -0.3531

286 | 81.35112676056339 | 1.004_1.004_A_A_ptm_6I3M_OF_OF_unrelaxed_rank_1_model_5.pdb | -7.451e-09 -2.98e-08 1.118e-08 -7.629e-06 1.526e-05 -1.526e-05

287 | 81.2759803921569 | 0.9108_0.8766_D_D_ptm_6I3M_AF_AF_KF_OF_unrelaxed_rank_1_model_5.pdb | 0.001993 -0.02792 -0.06082 -16.05 7.218 2.695

288 | 81.27598039215688 | 0.8766_0.9108_D_D_ptm_6I3M_AF_AF_KF_OF_unrelaxed_rank_1_model_5.pdb | -0.003687 0.02774 0.0609 16.53 -6.234 -2.222

289 | 81.2259375 | 1.874_1.156_E_E_multimer_6I3M_AF_MF_OF_OF_unrelaxed_rank_1_model_1.pdb | -0.003655 0.06512 -0.05392 2.224 4.823 -6.359

290 | 81.2259375 | 1.156_1.874_E_E_multimer_6I3M_AF_MF_OF_OF_unrelaxed_rank_1_model_1.pdb | 0.007172 -0.06483 0.05428 -1.543 -4.959 6.455

291 | 81.12375000000002 | 1.915_1.15_D_D_multimer_6I3M_AF_MF_OF_OF_unrelaxed_rank_1_model_1.pdb | -0.001702 0.06809 -0.06064 1.696 5.814 -6.907

292 | 81.12374999999997 | 1.15_1.915_D_D_multimer_6I3M_AF_MF_OF_OF_unrelaxed_rank_1_model_1.pdb | 0.005836 -0.06786 0.0609 -0.8677 -5.918 6.972

293 | 81.1094047619048 | 0.8703_0.8177_B_B_ptm_6I3M_MF_OF_OF_unrelaxed_rank_1_model_5.pdb | 0.02932 -0.02252 0.02219 -0.451 3.834 -3.863

294 | 81.10940476190476 | 0.8177_0.8703_B_B_ptm_6I3M_MF_OF_OF_unrelaxed_rank_1_model_5.pdb | -0.02883 0.02316 -0.02153 0.2787 -3.728 3.981

295 | 81.00877192982459 | 1.145_1.293_C_C_multimer_6I3M_MF_OF_unrelaxed_rank_1_model_4.pdb | 0.006327 -0.09703 -0.01057 -18.81 2.185 10.61

296 | 81.00877192982456 | 1.293_1.145_C_C_multimer_6I3M_MF_OF_unrelaxed_rank_1_model_4.pdb | -0.007385 0.09695 0.01123 19.77 -2.041 -8.721

297 | 80.86549295774647 | 1.105_1.105_B_B_ptm_6I3M_MF_OF_OF_unrelaxed_rank_1_model_5.pdb | 2.98e-08 2.98e-08 0 0 0 0

298 | 80.79669902912623 | 0.9652_0.8966_A_A_ptm_6I3M_OF_OF_unrelaxed_rank_1_model_5.pdb | -0.01931 0.03095 0.05418 15.98 -8.583 0.3822

299 | 80.7966990291262 | 0.8966_0.9652_A_A_ptm_6I3M_OF_OF_unrelaxed_rank_1_model_5.pdb | 0.01761 -0.03195 -0.0536 -15.49 9.432 0.2795

300 | 80.79202072538858 | 0.9108_0.9108_D_D_ptm_6I3M_AF_AF_KF_OF_unrelaxed_rank_1_model_5.pdb | -1.49e-08 -7.451e-09 0 -7.629e-06 1.526e-05 1.526e-05

301 | 80.77606060606064 | 1.045_0.9108_D_D_ptm_6I3M_AF_AF_KF_OF_unrelaxed_rank_1_model_5.pdb | 0.004106 -0.05215 0.053 0.868 -5.308 5.52

302 | 80.77606060606061 | 0.9108_1.045_D_D_ptm_6I3M_AF_AF_KF_OF_unrelaxed_rank_1_model_5.pdb | -0.001341 0.05229 -0.05286 -0.297 5.324 -5.565

303 | 80.69656862745099 | 0.8916_0.9387_D_D_ptm_6I3M_EF_KF_KF_OF_unrelaxed_rank_1_model_5.pdb | 0.006373 -0.03551 -0.06525 -18.22 8.553 2.708

304 | 80.69656862745096 | 0.9387_0.8916_D_D_ptm_6I3M_EF_KF_KF_OF_unrelaxed_rank_1_model_5.pdb | -0.00868 0.03502 0.06551 18.82 -7.36 -1.994

305 | 80.63090909090909 | 1.121_1.121_C_C_multimer_6I3M_EF_OF_unrelaxed_rank_1_model_3.pdb | -5.96e-08 -7.451e-09 -2.235e-08 7.629e-06 0 3.052e-05

306 | 80.42105769230768 | 0.9337_0.8703_B_B_ptm_6I3M_MF_OF_OF_unrelaxed_rank_1_model_5.pdb | -0.0009298 0.02693 0.03049 10.78 -2.945 -2.542

307 | 80.42105769230767 | 0.8703_0.9337_B_B_ptm_6I3M_MF_OF_OF_unrelaxed_rank_1_model_5.pdb | 0.0001086 -0.02695 -0.03047 -10.61 3.27 2.832

308 | 80.36337662337662 | 0.9681_0.9681_B_B_ptm_6I3M_OF_OF_unrelaxed_rank_1_model_5.pdb | -1.118e-08 0 0 -1.526e-05 0 0

309 | 80.23676470588236 | 1.105_0.8703_B_B_ptm_6I3M_MF_OF_OF_unrelaxed_rank_1_model_5.pdb | -0.01192 -0.05178 0.07518 6.339 -10.26 8.549

310 | 80.23676470588235 | 0.8703_1.105_B_B_ptm_6I3M_MF_OF_OF_unrelaxed_rank_1_model_5.pdb | 0.01579 0.05073 -0.07589 -5.101 10.81 -8.697

311 | 80.20207792207793 | 0.8766_0.8766_D_D_ptm_6I3M_AF_AF_KF_OF_unrelaxed_rank_1_model_5.pdb | 0 0 0 -7.629e-06 0 1.526e-05

312 | 80.19517241379313 | 2.243_0.9999_D_D_multimer_6I3M_KF_KF_OF_unrelaxed_rank_1_model_1.pdb | 0.03878 -0.06343 0.06274 -0.9942 2.347 -1.693

313 | 80.1951724137931 | 0.9999_2.243_D_D_multimer_6I3M_KF_KF_OF_unrelaxed_rank_1_model_1.pdb | -0.03481 0.0657 -0.06037 0.7361 -2.335 1.835

314 | 80.16944444444442 | 1.02_1.02_C_C_multimer_6I3M_MF_OF_OF_unrelaxed_rank_1_model_4.pdb | -2.98e-08 -2.98e-08 -1.49e-08 1.526e-05 3.052e-05 0

315 | 80.0571875 | 0.8916_0.9402_D_D_ptm_6I3M_EF_KF_KF_OF_unrelaxed_rank_1_model_5.pdb | 0.002406 0.05462 -0.06033 -1.196 6.719 -6.682

316 | 80.05718749999998 | 0.9402_0.8916_D_D_ptm_6I3M_EF_KF_KF_OF_unrelaxed_rank_1_model_5.pdb | 0.000891 -0.05466 0.06029 1.961 -6.619 6.601

317 | 80.05172413793106 | 1.097_0.9681_B_B_ptm_6I3M_OF_OF_unrelaxed_rank_1_model_5.pdb | 0.001726 -0.09266 0.01613 -12.88 -2.105 10.96

318 | 80.05172413793102 | 0.9681_1.097_B_B_ptm_6I3M_OF_OF_unrelaxed_rank_1_model_5.pdb | -0.0002346 0.09268 -0.01604 13.88 1.88 -9.725

319 | 80.02907407407409 | 0.8045_0.8045_D_D_ptm_6I3M_AF_AF_KF_OF_unrelaxed_rank_1_model_5.pdb | 1.49e-08 0 -2.98e-08 7.629e-06 0 -1.526e-05

320 | 80.02549295774654 | 1.214_1.214_C_C_multimer_6I3M_CF_OF_unrelaxed_rank_1_model_3.pdb | -1.49e-08 0 -5.96e-08 2.289e-05 1.526e-05 1.526e-05

321 | 80.01053571428572 | 0.8766_1.045_D_D_ptm_6I3M_AF_AF_KF_OF_unrelaxed_rank_1_model_5.pdb | -0.003563 0.08019 0.008135 16.06 -0.9485 -7.813

322 | 80.0105357142857 | 1.045_0.8766_D_D_ptm_6I3M_AF_AF_KF_OF_unrelaxed_rank_1_model_5.pdb | 0.002921 -0.08022 -0.007875 -15.38 1.047 9.078

323 | 80.0070297029703 | 1.508_1.144_C_C_multimer_6I3M_IF_OF_unrelaxed_rank_1_model_5.pdb | 0.007506 -0.05069 -0.1189 -30.08 15.86 4.037

324 | 80.00702970297024 | 1.144_1.508_C_C_multimer_6I3M_IF_OF_unrelaxed_rank_1_model_5.pdb | -0.01348 0.04943 0.1194 31.91 -12.2 -2.332

325 | 80.00117647058825 | 1.097_0.8912_B_B_ptm_6I3M_OF_OF_unrelaxed_rank_1_model_5.pdb | -0.008373 -0.06218 0.06988 2.913 -9.585 9.139

326 | 80.00117647058822 | 0.8912_1.097_B_B_ptm_6I3M_OF_OF_unrelaxed_rank_1_model_5.pdb | 0.01271 0.06144 -0.07053 -1.664 9.843 -9.178

327 | 79.9625 | 0.8705_0.8071_E_E_ptm_6I3M_AF_AF_KF_KF_OF_unrelaxed_rank_1_model_5.pdb | 0.02387 -0.02799 0.07689 8.238 -2.521 -2.413

328 | 79.96249999999999 | 0.8071_0.8705_E_E_ptm_6I3M_AF_AF_KF_KF_OF_unrelaxed_rank_1_model_5.pdb | -0.02166 0.02974 -0.07623 -8.085 3.197 2.112

329 | 79.90647058823532 | 0.8966_0.7974_A_A_ptm_6I3M_OF_OF_unrelaxed_rank_1_model_5.pdb | 0.02213 -0.03091 0.02948 -0.623 1.741 -1.491

330 | 79.9064705882353 | 0.7974_0.8966_A_A_ptm_6I3M_OF_OF_unrelaxed_rank_1_model_5.pdb | -0.02122 0.03154 -0.0288 0.525 -1.725 1.546

331 | 79.87226190476193 | 0.7944_0.8912_B_B_ptm_6I3M_OF_OF_unrelaxed_rank_1_model_5.pdb | -0.01902 0.03553 -0.03123 0.8491 -1.073 0.7377

332 | 79.87226190476193 | 0.8912_0.7944_B_B_ptm_6I3M_OF_OF_unrelaxed_rank_1_model_5.pdb | 0.02013 -0.03491 0.03192 -0.9079 1.06 -0.6859

333 | 79.84059523809528 | 0.8071_0.8378_E_E_ptm_6I3M_AF_AF_KF_KF_OF_unrelaxed_rank_1_model_5.pdb | -0.02161 0.04013 -0.02464 3.112 -2.236 1.021

334 | 79.84059523809525 | 0.8378_0.8071_E_E_ptm_6I3M_AF_AF_KF_KF_OF_unrelaxed_rank_1_model_5.pdb | 0.02261 -0.03958 0.02552 -3.204 2.178 -0.8461

335 | 79.77275862068967 | 2.119_1.161_B_B_multimer_6I3M_OF_OF_unrelaxed_rank_1_model_3.pdb | -0.02667 0.04031 -0.03877 -0.459 -1.029 0.1608

336 | 79.77275862068967 | 1.161_2.119_B_B_multimer_6I3M_OF_OF_unrelaxed_rank_1_model_3.pdb | 0.02823 -0.03923 0.03986 0.4119 1.05 -0.1496

337 | 79.75280701754387 | 1.244_1.214_C_C_multimer_6I3M_CF_OF_unrelaxed_rank_1_model_3.pdb | -0.01228 0.09944 0.0176 21.54 -3.441 -8.058

338 | 79.75280701754386 | 1.214_1.244_C_C_multimer_6I3M_CF_OF_unrelaxed_rank_1_model_3.pdb | 0.01058 -0.09963 -0.01646 -20.57 3.695 10.2

339 | 79.74103896103897 | 0.9652_0.9652_A_A_ptm_6I3M_OF_OF_unrelaxed_rank_1_model_5.pdb | 1.49e-08 0 7.451e-09 7.629e-06 -1.526e-05 -1.526e-05

340 | 79.69642487046634 | 0.8916_0.8916_D_D_ptm_6I3M_EF_KF_KF_OF_unrelaxed_rank_1_model_5.pdb | 0 0 -2.98e-08 0 -1.526e-05 0

341 | 79.69586206896552 | 1.161_2.118_C_C_multimer_6I3M_OF_OF_unrelaxed_rank_1_model_3.pdb | 0.02942 -0.03992 0.03868 0.04121 1.408 -0.2759

342 | 79.69586206896551 | 2.118_1.161_C_C_multimer_6I3M_OF_OF_unrelaxed_rank_1_model_3.pdb | -0.02788 0.04101 -0.03752 -0.1066 -1.397 0.313

343 | 79.6675 | 0.9402_0.9387_D_D_ptm_6I3M_EF_KF_KF_OF_unrelaxed_rank_1_model_5.pdb | 0.003688 -0.09012 -0.005146 -16.56 0.8287 10.31

344 | 79.66749999999998 | 0.9387_0.9402_D_D_ptm_6I3M_EF_KF_KF_OF_unrelaxed_rank_1_model_5.pdb | -0.004168 0.0901 0.0055 17.43 -0.7757 -8.772

345 | 79.65844155844154 | 1.144_1.144_C_C_multimer_6I3M_IF_OF_unrelaxed_rank_1_model_5.pdb | 0 -2.235e-08 0 -7.629e-06 1.526e-05 1.526e-05

346 | 79.60943005181349 | 0.8912_0.8912_B_B_ptm_6I3M_OF_OF_unrelaxed_rank_1_model_5.pdb | 1.118e-08 0 0 -2.289e-05 1.526e-05 0

347 | 79.53064935064936 | 0.9387_0.9387_D_D_ptm_6I3M_EF_KF_KF_OF_unrelaxed_rank_1_model_5.pdb | -1.49e-08 1.49e-08 -2.98e-08 0 1.526e-05 0

348 | 79.43471502590671 | 0.8966_0.8966_A_A_ptm_6I3M_OF_OF_unrelaxed_rank_1_model_5.pdb | 0 -2.98e-08 0 -7.629e-06 3.052e-05 1.526e-05

349 | 79.43196428571427 | 0.9652_1.004_A_A_ptm_6I3M_OF_OF_unrelaxed_rank_1_model_5.pdb | -0.005185 0.08808 -0.02673 10.76 2.067 -8.363

350 | 79.43196428571426 | 1.004_0.9652_A_A_ptm_6I3M_OF_OF_unrelaxed_rank_1_model_5.pdb | 0.007563 -0.08791 0.02729 -9.925 -2.402 9.26

351 | 79.41878787878788 | 1.004_0.8966_A_A_ptm_6I3M_OF_OF_unrelaxed_rank_1_model_5.pdb | -0.007013 -0.05642 0.0813 6.247 -10.55 8.173

352 | 79.41878787878785 | 0.8966_1.004_A_A_ptm_6I3M_OF_OF_unrelaxed_rank_1_model_5.pdb | 0.01159 0.05566 -0.08182 -4.9 11.08 -8.385

353 | 79.31298701298702 | 0.9337_0.9337_B_B_ptm_6I3M_MF_OF_OF_unrelaxed_rank_1_model_5.pdb | 1.49e-08 2.98e-08 0 0 0 -1.526e-05

354 | 79.2570422535211 | 0.8033_0.8033_C_C_ptm_6I3M_MF_OF_OF_unrelaxed_rank_1_model_5.pdb | 0 0 -1.118e-08 -7.629e-06 1.526e-05 3.052e-05

355 | 79.24425925925925 | 0.8483_0.8483_B_B_ptm_6I3M_GF_OF_unrelaxed_rank_1_model_4.pdb | 1.49e-08 -1.49e-08 0 0 0 1.526e-05

356 | 79.0467741935484 | 1.136_2.007_C_C_multimer_6I3M_MF_OF_OF_unrelaxed_rank_1_model_4.pdb | 0.01916 -0.06288 0.07639 2.817 -4.719 3.899

357 | 79.04677419354839 | 2.007_1.136_C_C_multimer_6I3M_MF_OF_OF_unrelaxed_rank_1_model_4.pdb | -0.01433 0.06415 -0.07533 -2.198 4.841 -4.138

358 | 78.9082142857143 | 1.105_0.9337_B_B_ptm_6I3M_MF_OF_OF_unrelaxed_rank_1_model_5.pdb | -0.0134 -0.07833 0.04431 -4.335 -7.747 11.89

359 | 78.90821428571428 | 0.9337_1.105_B_B_ptm_6I3M_MF_OF_OF_unrelaxed_rank_1_model_5.pdb | 0.01691 0.07765 -0.04549 5.59 7.701 -11.38

360 | 78.86802816901412 | 0.6984_0.6984_E_E_ptm_6I3M_AF_AF_KF_KF_OF_unrelaxed_rank_1_model_5.pdb | 0 -7.451e-09 0 0 0 1.526e-05

361 | 78.84185185185186 | 0.7917_0.7917_D_D_ptm_6I3M_EF_KF_KF_OF_unrelaxed_rank_1_model_5.pdb | 0 -1.49e-08 -2.98e-08 3.052e-05 1.526e-05 0

362 | 78.80873563218393 | 0.9947_2.012_C_C_multimer_6I3M_CF_OF_unrelaxed_rank_1_model_3.pdb | -0.03656 0.04831 -0.04712 0.1569 -3.497 3.492

363 | 78.80873563218391 | 2.012_0.9947_C_C_multimer_6I3M_CF_OF_unrelaxed_rank_1_model_3.pdb | 0.03884 -0.0465 0.04891 -0.4897 3.611 -3.342

364 | 78.75917098445595 | 0.8703_0.8703_B_B_ptm_6I3M_MF_OF_OF_unrelaxed_rank_1_model_5.pdb | 1.49e-08 0 0 0 -1.526e-05 1.526e-05

365 | 78.65449438202249 | 1.076_0.8808_C_C_ptm_6I3M_MF_OF_OF_unrelaxed_rank_1_model_5.pdb | 0.05799 0.01029 0.01926 5.529 10.17 -13.13

366 | 78.65449438202246 | 0.8808_1.076_C_C_ptm_6I3M_MF_OF_OF_unrelaxed_rank_1_model_5.pdb | -0.05818 -0.009152 -0.01983 -5.588 -9.279 13.75

367 | 78.64031088082902 | 2.131_2.131_C_C_multimer_6I3M_EF_OF_unrelaxed_rank_1_model_3.pdb | 0 -1.118e-08 7.451e-09 0 -1.526e-05 -1.526e-05

368 | 78.59583333333333 | 0.8808_0.9662_C_C_ptm_6I3M_MF_OF_OF_unrelaxed_rank_1_model_5.pdb | -0.0898 -0.09585 -0.03634 -23.72 -12.69 30.02

369 | 78.59583333333333 | 0.9662_0.8808_C_C_ptm_6I3M_MF_OF_OF_unrelaxed_rank_1_model_5.pdb | 0.08668 0.09868 0.02775 26.01 15.97 -26.33

370 | 78.54962962962969 | 0.8177_0.8177_B_B_ptm_6I3M_MF_OF_OF_unrelaxed_rank_1_model_5.pdb | 1.49e-08 2.98e-08 0 0 -1.526e-05 0

371 | 78.49518518518518 | 2.243_1.193_D_D_multimer_6I3M_KF_KF_OF_unrelaxed_rank_1_model_1.pdb | 0.0182 0.04208 -0.1042 -9.079 13.86 -8.144

372 | 78.49518518518518 | 1.193_2.243_D_D_multimer_6I3M_KF_KF_OF_unrelaxed_rank_1_model_1.pdb | -0.01374 -0.04374 0.1035 10.81 -12.7 7.929

373 | 78.41114285714292 | 0.9662_1.076_C_C_ptm_6I3M_MF_OF_OF_unrelaxed_rank_1_model_5.pdb | 0.03036 0.08782 0.008711 19.48 5.349 -14.06

374 | 78.41114285714288 | 1.076_0.9662_C_C_ptm_6I3M_MF_OF_OF_unrelaxed_rank_1_model_5.pdb | -0.03125 -0.08752 -0.01141 -18.21 -4.7 15.87

375 | 78.35037037037038 | 0.97_0.97_E_E_multimer_6I3M_EF_KF_KF_OF_unrelaxed_rank_1_model_4.pdb | 0 -2.98e-08 0 1.526e-05 1.526e-05 0

376 | 78.33558823529413 | 0.8033_1.076_C_C_ptm_6I3M_MF_OF_OF_unrelaxed_rank_1_model_5.pdb | 0.0269 0.03646 0.08402 24.69 -2.547 -8.217

377 | 78.33558823529411 | 1.076_0.8033_C_C_ptm_6I3M_MF_OF_OF_unrelaxed_rank_1_model_5.pdb | -0.02988 -0.03406 -0.08502 -24.07 4.853 8.974

378 | 78.233125 | 1.99_1.132_D_D_multimer_6I3M_MF_OF_OF_unrelaxed_rank_1_model_4.pdb | -0.01153 0.06347 -0.07131 -1.533 5.003 -4.65

379 | 78.233125 | 1.132_1.99_D_D_multimer_6I3M_MF_OF_OF_unrelaxed_rank_1_model_4.pdb | 0.01606 -0.06248 0.07218 2.177 -4.933 4.465

380 | 78.18937500000001 | 0.9708_2.131_C_C_multimer_6I3M_EF_OF_unrelaxed_rank_1_model_3.pdb | -0.045 0.0354 -0.03747 -0.7531 -5.98 6.378

381 | 78.18937499999996 | 2.131_0.9708_C_C_multimer_6I3M_EF_OF_unrelaxed_rank_1_model_3.pdb | 0.04632 -0.03365 0.03905 0.3026 6.285 -6.116

382 | 78.08450704225356 | 1.268_1.268_C_C_multimer_6I3M_EF_OF_unrelaxed_rank_1_model_3.pdb | 0 -3.725e-09 2.608e-08 -1.526e-05 1.526e-05 -1.526e-05

383 | 78.0122891566265 | 0.9927_2.24_C_C_multimer_6I3M_KF_OF_unrelaxed_rank_1_model_1.pdb | -0.05056 0.06376 -0.04445 3.328 -6.94 5.327

384 | 78.0122891566265 | 2.24_0.9927_C_C_multimer_6I3M_KF_OF_unrelaxed_rank_1_model_1.pdb | 0.05344 -0.06137 0.0477 -3.965 7.034 -4.735

385 | 77.76481481481478 | 0.9749_0.9749_F_F_multimer_6I3M_AF_AF_KF_KF_OF_unrelaxed_rank_1_model_1.pdb | 1.49e-08 -2.98e-08 -7.451e-09 1.526e-05 1.526e-05 -1.526e-05

386 | 77.74816901408451 | 1.3_1.3_C_C_multimer_6I3M_AF_OF_unrelaxed_rank_1_model_5.pdb | 0 1.49e-08 -7.451e-09 0 0 -1.526e-05

387 | 77.72166666666668 | 0.8378_0.8705_E_E_ptm_6I3M_AF_AF_KF_KF_OF_unrelaxed_rank_1_model_5.pdb | -0.002143 -0.01145 -0.05134 -11.27 5.122 1.656

388 | 77.72166666666665 | 0.8705_0.8378_E_E_ptm_6I3M_AF_AF_KF_KF_OF_unrelaxed_rank_1_model_5.pdb | 0.001553 0.01155 0.05132 11.54 -4.533 -1.534

389 | 77.70385964912283 | 1.268_1.121_C_C_multimer_6I3M_EF_OF_unrelaxed_rank_1_model_3.pdb | 0.02337 -0.07761 0.001265 -13.47 3.594 5.244

390 | 77.7038596491228 | 1.121_1.268_C_C_multimer_6I3M_EF_OF_unrelaxed_rank_1_model_3.pdb | -0.02334 0.07762 0.0005491 13.83 -3.708 -4.098

391 | 77.70218750000002 | 1.176_1.9_F_F_multimer_6I3M_AF_AF_KF_KF_OF_unrelaxed_rank_1_model_1.pdb | 0.009458 -0.05762 0.05202 -0.7372 -4.227 5.234

392 | 77.70218749999998 | 1.9_1.176_F_F_multimer_6I3M_AF_AF_KF_KF_OF_unrelaxed_rank_1_model_1.pdb | -0.006462 0.05803 -0.05156 1.256 4.134 -5.21

393 | 77.4755958549223 | 1.076_1.076_C_C_ptm_6I3M_MF_OF_OF_unrelaxed_rank_1_model_5.pdb | 2.98e-08 1.49e-08 0 -7.629e-06 1.526e-05 1.526e-05

394 | 77.42160714285716 | 0.9662_0.8033_C_C_ptm_6I3M_MF_OF_OF_unrelaxed_rank_1_model_5.pdb | 0.007757 0.05089 -0.07529 -5.345 9.712 -7.088

395 | 77.42160714285714 | 0.8033_0.9662_C_C_ptm_6I3M_MF_OF_OF_unrelaxed_rank_1_model_5.pdb | -0.003913 -0.05133 0.07499 6.413 -9.229 6.842

396 | 77.24935064935072 | 0.9662_0.9662_C_C_ptm_6I3M_MF_OF_OF_unrelaxed_rank_1_model_5.pdb | -1.49e-08 0 -9.313e-09 0 0 -3.052e-05

397 | 77.18964285714287 | 0.6984_0.8705_E_E_ptm_6I3M_AF_AF_KF_KF_OF_unrelaxed_rank_1_model_5.pdb | 0.005462 -0.05371 -0.0179 -12.82 2.809 5.447

398 | 77.18964285714286 | 0.8705_0.6984_E_E_ptm_6I3M_AF_AF_KF_KF_OF_unrelaxed_rank_1_model_5.pdb | -0.006432 0.0536 0.01822 13.14 -2.605 -4.735

399 | 77.18704663212434 | 0.8378_0.8378_E_E_ptm_6I3M_AF_AF_KF_KF_OF_unrelaxed_rank_1_model_5.pdb | 0 0 2.98e-08 0 0 1.526e-05

400 | 77.15807017543864 | 1.3_1.186_C_C_multimer_6I3M_AF_OF_unrelaxed_rank_1_model_5.pdb | 0.02649 -0.07675 -0.034 -19.75 8.69 4.48

401 | 77.15807017543858 | 1.186_1.3_C_C_multimer_6I3M_AF_OF_unrelaxed_rank_1_model_5.pdb | -0.02916 0.07578 0.03612 20.32 -8.089 -2.717

402 | 77.1153367875648 | 1.801_1.801_C_C_multimer_6I3M_AF_OF_unrelaxed_rank_1_model_5.pdb | -2.98e-08 -7.451e-09 7.451e-09 7.629e-06 0 0

403 | 77.01562500000001 | 0.8378_0.6984_E_E_ptm_6I3M_AF_AF_KF_KF_OF_unrelaxed_rank_1_model_5.pdb | -0.008368 0.04211 -0.03301 1.657 1.839 -3.223

404 | 77.015625 | 0.6984_0.8378_E_E_ptm_6I3M_AF_AF_KF_KF_OF_unrelaxed_rank_1_model_5.pdb | 0.009761 -0.04181 0.03339 -1.458 -1.92 3.271

405 | 76.88896103896107 | 0.8705_0.8705_E_E_ptm_6I3M_AF_AF_KF_KF_OF_unrelaxed_rank_1_model_5.pdb | 0 -3.725e-09 -1.49e-08 0 0 -1.526e-05

406 | 76.88508771929827 | 1.287_1.144_C_C_multimer_6I3M_IF_OF_unrelaxed_rank_1_model_5.pdb | 0.003102 -0.08384 -0.03608 -21.24 4.757 9.763

407 | 76.88508771929823 | 1.144_1.287_C_C_multimer_6I3M_IF_OF_unrelaxed_rank_1_model_5.pdb | -0.006142 0.08367 0.03647 22.14 -4.013 -7.925

408 | 76.7659259259259 | 1.012_1.012_D_D_multimer_6I3M_MF_OF_OF_unrelaxed_rank_1_model_4.pdb | 1.397e-09 0 2.794e-09 1.526e-05 1.526e-05 -1.526e-05

409 | 76.70303921568629 | 1.186_1.801_C_C_multimer_6I3M_AF_OF_unrelaxed_rank_1_model_5.pdb | 0.01189 0.07428 0.08544 30.52 -4.646 -9.259

410 | 76.70303921568626 | 1.801_1.186_C_C_multimer_6I3M_AF_OF_unrelaxed_rank_1_model_5.pdb | -0.01823 -0.07299 -0.08655 -29.24 7.37 11.37

411 | 76.70270270270271 | 1.421_1.128_C_C_multimer_6I3M_GF_OF_unrelaxed_rank_1_model_5.pdb | 0.01023 0.1492 -0.08832 12.1 9.964 -16.68

412 | 76.7027027027027 | 1.128_1.421_C_C_multimer_6I3M_GF_OF_unrelaxed_rank_1_model_5.pdb | 0.002963 -0.1496 0.08778 -8.565 -10.81 18.27

413 | 76.45720207253886 | 1.508_1.508_C_C_multimer_6I3M_IF_OF_unrelaxed_rank_1_model_5.pdb | 0 0 -1.49e-08 1.526e-05 0 -1.526e-05

414 | 76.43450704225351 | 1.287_1.287_C_C_multimer_6I3M_IF_OF_unrelaxed_rank_1_model_5.pdb | 2.98e-08 -7.451e-09 2.98e-08 -4.578e-05 -1.526e-05 0

415 | 76.40944444444443 | 0.8071_0.8071_E_E_ptm_6I3M_AF_AF_KF_KF_OF_unrelaxed_rank_1_model_5.pdb | -1.49e-08 -1.118e-08 2.98e-08 0 -1.526e-05 0

416 | 76.28244186046513 | 0.9607_1.801_C_C_multimer_6I3M_AF_OF_unrelaxed_rank_1_model_5.pdb | -0.04523 0.06671 -0.03115 6.821 -6.648 3.897

417 | 76.28244186046508 | 1.801_0.9607_C_C_multimer_6I3M_AF_OF_unrelaxed_rank_1_model_5.pdb | 0.04738 -0.0652 0.03421 -7.269 6.581 -3.126

418 | 76.19687499999999 | 1.995_1.154_E_E_multimer_6I3M_EF_KF_KF_OF_unrelaxed_rank_1_model_4.pdb | -0.01489 0.05234 -0.05774 -1.154 3.577 -2.946

419 | 76.19687499999999 | 1.154_1.995_E_E_multimer_6I3M_EF_KF_KF_OF_unrelaxed_rank_1_model_4.pdb | 0.01791 -0.05138 0.05859 1.511 -3.547 2.818

420 | 76.17818181818183 | 1.186_1.186_C_C_multimer_6I3M_AF_OF_unrelaxed_rank_1_model_5.pdb | -2.98e-08 2.98e-08 1.49e-08 7.629e-06 3.052e-05 1.526e-05

421 | 75.96222222222222 | 0.8808_0.8808_C_C_ptm_6I3M_MF_OF_OF_unrelaxed_rank_1_model_5.pdb | 2.98e-08 0 1.49e-08 -7.629e-06 0 1.526e-05

422 | 75.17384615384616 | 2.24_1.197_C_C_multimer_6I3M_KF_OF_unrelaxed_rank_1_model_1.pdb | -0.004827 0.04625 -0.0754 -4.113 5.983 -4.468

423 | 75.17384615384616 | 1.197_2.24_C_C_multimer_6I3M_KF_OF_unrelaxed_rank_1_model_1.pdb | 0.008305 -0.04575 0.0757 4.754 -5.676 4.226

424 | 75.04727272727274 | 2.093_1.145_C_C_multimer_6I3M_MF_OF_unrelaxed_rank_1_model_4.pdb | -0.01497 0.04498 -0.09115 -8.86 7.208 -2.407

425 | 75.04727272727273 | 1.145_2.093_C_C_multimer_6I3M_MF_OF_unrelaxed_rank_1_model_4.pdb | 0.01902 -0.04343 0.0919 9.578 -6.401 1.882

426 | 74.70909090909093 | 1.999_1.187_E_E_multimer_6I3M_AF_AF_KF_OF_unrelaxed_rank_1_model_1.pdb | -0.006886 0.06575 -0.05895 1.363 4.781 -5.698

427 | 74.70909090909092 | 1.187_1.999_E_E_multimer_6I3M_AF_AF_KF_OF_unrelaxed_rank_1_model_1.pdb | 0.01077 -0.06522 0.05953 -0.7018 -4.893 5.723

428 | 74.14259259259259 | 0.7944_0.7944_B_B_ptm_6I3M_OF_OF_unrelaxed_rank_1_model_5.pdb | 3.725e-09 0 0 0 -1.526e-05 -1.526e-05

429 | 74.07481481481484 | 0.7974_0.7974_A_A_ptm_6I3M_OF_OF_unrelaxed_rank_1_model_5.pdb | 1.49e-08 0 -7.451e-09 -2.289e-05 0 -1.526e-05

430 | 73.87011904761904 | 1.508_0.9527_C_C_multimer_6I3M_IF_OF_unrelaxed_rank_1_model_5.pdb | 0.05461 -0.05006 0.05058 -1.104 6.649 -6.037

431 | 73.87011904761903 | 0.9527_1.508_C_C_multimer_6I3M_IF_OF_unrelaxed_rank_1_model_5.pdb | -0.05208 0.05268 -0.04783 0.4633 -6.355 6.425

432 | 73.4714705882353 | 0.8761_1.24_C_D_ptm_6I3M_AF_MF_OF_OF_unrelaxed_rank_1_model_2.pdb | 0.04945 0.2748 -0.01238 61.64 9.539 -36.19

433 | 73.47147058823529 | 1.24_0.8761_D_C_ptm_6I3M_AF_MF_OF_OF_unrelaxed_rank_1_model_2.pdb | -0.04789 -0.2751 -0.00109 -49.38 -7.742 51.98

434 | 73.34296296296296 | 0.9828_0.9828_E_E_multimer_6I3M_AF_AF_KF_OF_unrelaxed_rank_1_model_1.pdb | 0 1.863e-09 -2.654e-08 1.526e-05 1.526e-05 -3.052e-05

435 | 73.12500000000001 | 0.9769_0.9769_C_C_multimer_6I3M_MF_OF_unrelaxed_rank_1_model_4.pdb | 0 2.98e-08 -1.49e-08 -1.526e-05 0 0

436 | 73.03718309859154 | 0.8229_0.8229_D_D_ptm_6I3M_AF_MF_OF_OF_unrelaxed_rank_1_model_2.pdb | -2.98e-08 -1.49e-08 0 -7.629e-06 -1.526e-05 0

437 | 72.9386585365854 | 0.8761_1.354_C_C_ptm_6I3M_AF_MF_OF_OF_unrelaxed_rank_1_model_2.pdb | -0.02503 0.0176 -0.02664 -1.954 -3.309 3.289

438 | 72.93865853658535 | 1.354_0.8761_C_C_ptm_6I3M_AF_MF_OF_OF_unrelaxed_rank_1_model_2.pdb | 0.0255 -0.01692 0.02707 1.807 3.441 -3.236

439 | 72.6864814814815 | 0.9888_0.9888_C_C_multimer_6I3M_GF_OF_unrelaxed_rank_1_model_5.pdb | 0 0 0 7.629e-06 0 0

440 | 72.28112359550566 | 1.026_1.24_D_D_ptm_6I3M_AF_MF_OF_OF_unrelaxed_rank_1_model_2.pdb | -0.05777 0.05214 -0.03186 3.615 -9.035 7.833

441 | 72.28112359550562 | 1.24_1.026_D_D_ptm_6I3M_AF_MF_OF_OF_unrelaxed_rank_1_model_2.pdb | 0.05947 -0.05018 0.03486 -4.304 9.34 -7.092

442 | 72.13655172413795 | 2.012_1.214_C_C_multimer_6I3M_CF_OF_unrelaxed_rank_1_model_3.pdb | -0.03204 0.06368 -0.07212 -2.098 1.582 -0.9312

443 | 72.13655172413793 | 1.214_2.012_C_C_multimer_6I3M_CF_OF_unrelaxed_rank_1_model_3.pdb | 0.03662 -0.06117 0.07427 2.261 -1.451 0.7428

444 | 72.05894736842106 | 0.8229_1.401_D_C_ptm_6I3M_AF_MF_OF_OF_unrelaxed_rank_1_model_2.pdb | -0.09783 -0.3191 0.008745 -51.27 -20.77 68.49

445 | 72.05894736842104 | 1.401_0.8229_C_D_ptm_6I3M_AF_MF_OF_OF_unrelaxed_rank_1_model_2.pdb | 0.1058 0.3166 -0.04141 70.34 24.99 -46.67

446 | 72.04555882352946 | 1.24_1.354_D_C_ptm_6I3M_AF_MF_OF_OF_unrelaxed_rank_1_model_2.pdb | -0.08015 -0.2561 -0.02772 -50.33 -10.89 55.82

447 | 72.04555882352943 | 1.354_1.24_C_D_ptm_6I3M_AF_MF_OF_OF_unrelaxed_rank_1_model_2.pdb | 0.07559 0.2575 0.007602 62.52 15.55 -40.21

448 | 71.88333333333334 | 1.105_1.076_B_C_ptm_6I3M_MF_OF_OF_unrelaxed_rank_1_model_5.pdb | 1.235 0.9302 -0.6651 327.2 231.7 -55.31

449 | 71.88333333333333 | 1.076_1.105_C_B_ptm_6I3M_MF_OF_OF_unrelaxed_rank_1_model_5.pdb | -1.243 -0.9119 -0.6949 -24.07 -8.895 403.9

450 | 71.85082901554406 | 1.24_1.24_D_D_ptm_6I3M_AF_MF_OF_OF_unrelaxed_rank_1_model_2.pdb | 2.98e-08 0 0 0 0 1.526e-05

451 | 71.84909090909092 | 1.401_0.8761_C_C_ptm_6I3M_AF_MF_OF_OF_unrelaxed_rank_1_model_2.pdb | 0.09805 0.0282 0.01446 9.101 20.15 -20.35

452 | 71.8490909090909 | 0.8761_1.401_C_C_ptm_6I3M_AF_MF_OF_OF_unrelaxed_rank_1_model_2.pdb | -0.09848 -0.02664 -0.01716 -8.814 -17.91 22.47

453 | 71.45906735751294 | 1.354_1.354_C_C_ptm_6I3M_AF_MF_OF_OF_unrelaxed_rank_1_model_2.pdb | -2.98e-08 1.863e-09 4.657e-10 7.629e-06 0 -1.526e-05

454 | 71.42871794871795 | 1.354_1.315_C_D_ptm_6I3M_AF_MF_OF_OF_unrelaxed_rank_1_model_2.pdb | 0.04781 0.245 -0.02189 53.15 11.78 -34.74

455 | 71.42871794871795 | 1.315_1.354_D_C_ptm_6I3M_AF_MF_OF_OF_unrelaxed_rank_1_model_2.pdb | -0.04381 -0.2458 0.0106 -42.87 -10.7 47.1

456 | 71.37288135593221 | 1.315_0.8229_D_D_ptm_6I3M_AF_MF_OF_OF_unrelaxed_rank_1_model_2.pdb | -0.01612 0.02904 0.01623 9.018 -4.603 0.2704

457 | 71.3728813559322 | 0.8229_1.315_D_D_ptm_6I3M_AF_MF_OF_OF_unrelaxed_rank_1_model_2.pdb | 0.01565 -0.02929 -0.01577 -8.946 4.748 0.06593

458 | 71.27419047619046 | 1.24_1.315_D_D_ptm_6I3M_AF_MF_OF_OF_unrelaxed_rank_1_model_2.pdb | -0.03526 -0.01015 -0.02947 -7.695 -3.106 7.942

459 | 71.27419047619046 | 1.315_1.24_D_D_ptm_6I3M_AF_MF_OF_OF_unrelaxed_rank_1_model_2.pdb | 0.03495 0.01118 0.02909 7.681 3.607 -7.743

460 | 71.21256880733948 | 1.026_1.354_D_C_ptm_6I3M_AF_MF_OF_OF_unrelaxed_rank_1_model_2.pdb | -0.1375 -0.202 -0.07412 -49.8 -14.98 61.49

461 | 71.21256880733944 | 1.354_1.026_C_D_ptm_6I3M_AF_MF_OF_OF_unrelaxed_rank_1_model_2.pdb | 0.1251 0.2099 0.04697 59.9 25.38 -47.47

462 | 71.1846753246753 | 1.315_1.315_D_D_ptm_6I3M_AF_MF_OF_OF_unrelaxed_rank_1_model_2.pdb | 0 -1.49e-08 0 0 -1.526e-05 0

463 | 71.02520833333335 | 1.447_0.8229_C_D_ptm_6I3M_AF_MF_OF_OF_unrelaxed_rank_1_model_2.pdb | 0.08852 0.2486 0.00691 62.83 20.14 -41.24

464 | 71.02520833333334 | 0.8229_1.447_D_C_ptm_6I3M_AF_MF_OF_OF_unrelaxed_rank_1_model_2.pdb | -0.09305 -0.247 -0.02954 -50.88 -14.73 56.99

465 | 71.01333333333334 | 1.026_1.315_D_D_ptm_6I3M_AF_MF_OF_OF_unrelaxed_rank_1_model_2.pdb | -0.09144 0.04368 -0.06189 -4.572 -11.42 15.53

466 | 71.01333333333334 | 1.315_1.026_D_D_ptm_6I3M_AF_MF_OF_OF_unrelaxed_rank_1_model_2.pdb | 0.09404 -0.03776 0.06567 3.176 13.06 -14.55

467 | 70.73733333333335 | 2.131_1.268_C_C_multimer_6I3M_EF_OF_unrelaxed_rank_1_model_3.pdb | -0.03953 0.02752 -0.1067 -15.55 5.097 3.76

468 | 70.73733333333334 | 1.268_2.131_C_C_multimer_6I3M_EF_OF_unrelaxed_rank_1_model_3.pdb | 0.04225 -0.02313 0.1078 15.89 -3.243 -4.33

469 | 70.63928571428572 | 1.401_1.026_C_D_ptm_6I3M_AF_MF_OF_OF_unrelaxed_rank_1_model_2.pdb | 0.1991 0.2558 0.01768 69.32 44.46 -60.3

470 | 70.63928571428572 | 1.026_1.401_D_C_ptm_6I3M_AF_MF_OF_OF_unrelaxed_rank_1_model_2.pdb | -0.21 -0.247 -0.06953 -52.55 -27.33 83.13

471 | 70.37592592592594 | 0.9727_0.9727_B_B_multimer_6I3M_OF_OF_unrelaxed_rank_1_model_3.pdb | 0 1.49e-08 2.98e-08 0 0 1.526e-05

472 | 70.31290322580647 | 1.24_0.8229_D_D_ptm_6I3M_AF_MF_OF_OF_unrelaxed_rank_1_model_2.pdb | -0.05122 0.01829 -0.01223 1.187 -7.96 8.283

473 | 70.31290322580647 | 0.8229_1.24_D_D_ptm_6I3M_AF_MF_OF_OF_unrelaxed_rank_1_model_2.pdb | 0.05145 -0.01764 0.01315 -1.436 8.357 -7.841

474 | 70.16559322033899 | 1.401_1.315_C_D_ptm_6I3M_AF_MF_OF_OF_unrelaxed_rank_1_model_2.pdb | 0.1256 0.2858 -0.05452 61.87 30.06 -48.92

475 | 70.16559322033895 | 1.315_1.401_D_C_ptm_6I3M_AF_MF_OF_OF_unrelaxed_rank_1_model_2.pdb | -0.1149 -0.2902 0.01962 -43.91 -25.12 67.57

476 | 70.15390625000002 | 1.315_1.447_D_C_ptm_6I3M_AF_MF_OF_OF_unrelaxed_rank_1_model_2.pdb | -0.1087 -0.2175 -0.01714 -43.28 -19.26 55.99

477 | 70.15390625 | 1.447_1.315_C_D_ptm_6I3M_AF_MF_OF_OF_unrelaxed_rank_1_model_2.pdb | 0.1075 0.2181 -0.006517 54.01 24.8 -42.97

478 | 70.05407766990291 | 1.24_1.447_D_C_ptm_6I3M_AF_MF_OF_OF_unrelaxed_rank_1_model_2.pdb | -0.145 -0.2269 -0.05444 -50.88 -19.11 65.01

479 | 70.0540776699029 | 1.447_1.24_C_D_ptm_6I3M_AF_MF_OF_OF_unrelaxed_rank_1_model_2.pdb | 0.1363 0.2322 0.02197 63.12 29.16 -48.45

480 | 70.02499999999999 | 0.9704_0.9704_C_C_multimer_6I3M_OF_OF_unrelaxed_rank_1_model_3.pdb | -1.49e-08 2.98e-08 -7.451e-09 0 3.052e-05 -3.052e-05

481 | 69.82174757281557 | 1.401_1.354_C_C_ptm_6I3M_AF_MF_OF_OF_unrelaxed_rank_1_model_2.pdb | 0.07379 0.04309 -0.01379 7.118 16.51 -17.46

482 | 69.8217475728155 | 1.354_1.401_C_C_ptm_6I3M_AF_MF_OF_OF_unrelaxed_rank_1_model_2.pdb | -0.07326 -0.04399 0.01059 -6.131 -15.25 18.92

483 | 69.79652892561984 | 1.401_1.24_C_D_ptm_6I3M_AF_MF_OF_OF_unrelaxed_rank_1_model_2.pdb | 0.1524 0.3004 -0.02577 71.51 34.09 -53.69

484 | 69.7965289256198 | 1.24_1.401_D_C_ptm_6I3M_AF_MF_OF_OF_unrelaxed_rank_1_model_2.pdb | -0.1516 -0.3008 -0.02036 -51.56 -24.55 76.8

485 | 69.66933333333334 | 1.801_1.3_C_C_multimer_6I3M_AF_OF_unrelaxed_rank_1_model_5.pdb | -0.04469 0.002172 -0.04916 -9.947 -2.472 7.33

486 | 69.66933333333334 | 1.3_1.801_C_C_multimer_6I3M_AF_OF_unrelaxed_rank_1_model_5.pdb | 0.04475 2.848e-05 0.04921 9.798 3.283 -7.212

487 | 69.61701298701297 | 1.401_1.401_C_C_ptm_6I3M_AF_MF_OF_OF_unrelaxed_rank_1_model_2.pdb | 0 0 9.313e-10 0 0 1.526e-05

488 | 69.28619718309858 | 1.447_1.447_C_C_ptm_6I3M_AF_MF_OF_OF_unrelaxed_rank_1_model_2.pdb | 1.49e-08 1.455e-11 5.421e-10 7.629e-06 1.526e-05 1.526e-05

489 | 68.92425925925929 | 0.8761_0.8761_C_C_ptm_6I3M_AF_MF_OF_OF_unrelaxed_rank_1_model_2.pdb | -2.98e-08 -1.863e-09 1.863e-09 7.629e-06 -1.526e-05 1.526e-05

490 | 68.6214814814815 | 0.9999_0.9999_D_D_multimer_6I3M_KF_KF_OF_unrelaxed_rank_1_model_1.pdb | 1.118e-08 2.98e-08 0 7.629e-06 1.526e-05 1.526e-05

491 | 68.55687500000003 | 1.447_1.401_C_C_ptm_6I3M_AF_MF_OF_OF_unrelaxed_rank_1_model_2.pdb | -0.01401 -0.06855 0.04301 -3.015 -7.053 10.49

492 | 68.55687499999999 | 1.401_1.447_C_C_ptm_6I3M_AF_MF_OF_OF_unrelaxed_rank_1_model_2.pdb | 0.01698 0.06788 -0.04406 4.026 7.059 -10.14

493 | 68.4787037037037 | 0.9947_0.9947_C_C_multimer_6I3M_CF_OF_unrelaxed_rank_1_model_3.pdb | 3.725e-09 -2.98e-08 -1.723e-08 3.052e-05 0 0

494 | 68.3625 | 1.447_1.026_C_D_ptm_6I3M_AF_MF_OF_OF_unrelaxed_rank_1_model_2.pdb | 0.1861 0.187 0.06402 60.03 39.31 -55.04

495 | 68.3625 | 1.026_1.447_D_C_ptm_6I3M_AF_MF_OF_OF_unrelaxed_rank_1_model_2.pdb | -0.2006 -0.1713 -0.09881 -51.1 -22.63 71.1

496 | 68.13203703703704 | 1.026_1.026_D_D_ptm_6I3M_AF_MF_OF_OF_unrelaxed_rank_1_model_2.pdb | 0 1.49e-08 -7.451e-09 7.629e-06 0 -1.526e-05

497 | 67.61857142857143 | 1.354_1.447_C_C_ptm_6I3M_AF_MF_OF_OF_unrelaxed_rank_1_model_2.pdb | -0.05811 0.02697 -0.0283 -2.643 -8.917 8.125

498 | 67.61857142857143 | 1.447_1.354_C_C_ptm_6I3M_AF_MF_OF_OF_unrelaxed_rank_1_model_2.pdb | 0.05887 -0.02527 0.02983 2.169 9.448 -7.651

499 | 67.17404494382025 | 1.026_0.8761_D_C_ptm_6I3M_AF_MF_OF_OF_unrelaxed_rank_1_model_2.pdb | -0.107 -0.2224 -0.04901 -48.55 -12.1 57.52

500 | 67.1740449438202 | 0.8761_1.026_C_D_ptm_6I3M_AF_MF_OF_OF_unrelaxed_rank_1_model_2.pdb | 0.09857 0.2262 0.02585 59.41 19.25 -43.74

501 | 64.87074074074073 | 0.9607_0.9607_C_C_multimer_6I3M_AF_OF_unrelaxed_rank_1_model_5.pdb | 2.98e-08 -4.657e-08 3.725e-09 -7.629e-06 -1.526e-05 0

502 | 64.25888888888888 | 0.9708_0.9708_C_C_multimer_6I3M_EF_OF_unrelaxed_rank_1_model_3.pdb | -2.98e-08 -1.49e-08 -1.49e-08 7.629e-06 0 0

503 | 63.502037037037 | 0.9927_0.9927_C_C_multimer_6I3M_KF_OF_unrelaxed_rank_1_model_1.pdb | 9.313e-10 -4.721e-08 0 7.629e-06 0 1.526e-05

504 | 63.06633333333334 | 1.508_1.287_C_C_multimer_6I3M_IF_OF_unrelaxed_rank_1_model_5.pdb | 0.003202 0.03329 -0.08317 -8.998 9.364 -5.029

505 | 63.066333333333326 | 1.287_1.508_C_C_multimer_6I3M_IF_OF_unrelaxed_rank_1_model_5.pdb | -0.0004263 -0.03344 0.08311 9.906 -8.569 4.73

506 | 63.04055555555554 | 0.9527_0.9527_C_C_multimer_6I3M_IF_OF_unrelaxed_rank_1_model_5.pdb | -2.98e-08 2.608e-08 0 1.526e-05 0 3.052e-05

507 | 55.30499999999999 | 0.9999_1.193_D_D_multimer_6I3M_KF_KF_OF_unrelaxed_rank_1_model_1.pdb | -0.009681 0.111 -0.1636 -6.923 11.72 -7.364

508 | 55.30499999999999 | 1.193_0.9999_D_D_multimer_6I3M_KF_KF_OF_unrelaxed_rank_1_model_1.pdb | 0.02776 -0.1079 0.1656 9.502 -10.5 6.249

