1 | 100.0 | 5.359e-07_0.0005_A_H_6i3m_b_factor_100.pdb | 0.0004358 0.00282 -3.141 428 428.9 -0.5682

2 | 100.0 | 0.0007029_6.534e-07_B_G_6i3m_b_factor_100.pdb | -0.001437 -0.003546 3.141 429.8 429 1.109

3 | 100.0 | 5.359e-07_0.0005_A_H_6i3m_b_factor_100_preserve_metadata.pdb | 0.0004358 0.00282 -3.141 428 428.9 -0.5682

4 | 100.0 | 0.0007029_6.534e-07_B_G_6i3m_b_factor_100_preserve_metadata.pdb | -0.001437 -0.003546 3.141 429.8 429 1.109

5 | 88.14714285714287 | 1.34_1.162_A_B_ptm_6I3M_AF_GF_unrelaxed_rank_1_model_5.pdb | -0.1509 0.09397 -3.067 388 474.7 21.21

6 | 84.35333333333332 | 1.404_1.109_B_C_ptm_6I3M_AF_AF_GF_unrelaxed_rank_1_model_5.pdb | -0.07745 0.1268 -2.975 355 468.6 -2.167

7 | 84.142 | 1.066_1.019_B_C_multimer_6I3M_AF_GF_unrelaxed_rank_1_model_4.pdb | -0.01338 0.198 -3.105 369.4 436.3 -28.18

8 | 84.00714285714287 | 1.291_1.022_B_D_ptm_6I3M_AF_AF_EF_GF_unrelaxed_rank_1_model_5.pdb | -0.01064 0.03074 -3.073 405.1 442.9 -3.245

9 | 83.33285714285715 | 1.146_1.016_B_E_multimer_6I3M_AF_AF_EF_GF_unrelaxed_rank_1_model_3.pdb | -0.004419 0.05034 -3.082 402.4 439.6 -7.619

10 | 76.03999999999999 | 1.381_1.047_B_D_multimer_6I3M_AF_AF_GF_unrelaxed_rank_1_model_4.pdb | -0.2474 0.258 -2.946 320.9 501.8 22.67

