1 | 100.0 | 1.305e-06_8.11e-07_C_E_6i3m_b_factor_100_preserve_metadata.pdb | -2.602e-17 -2.776e-16 2.776e-17 -2.053e-13 -1.872e-13 2.842e-14

2 | 100.0 | 1.305e-06_0.000543_C_F_6i3m_b_factor_100_preserve_metadata.pdb | -0.0001027 0.0002356 3.141 428.8 428.7 -0.03027

3 | 100.0 | 0.0007195_8.11e-07_D_E_6i3m_b_factor_100_preserve_metadata.pdb | -0.0006941 -0.0001742 -3.141 428.8 429 0.1639

4 | 100.0 | 0.0007195_0.000543_D_F_6i3m_b_factor_100_preserve_metadata.pdb | 0.0005914 0.0004096 -0.0002118 0.07632 0.2141 -0.2386

5 | 93.94437499999998 | 0.8953_0.816_B_C_multimer_6I3M_CF_EF_unrelaxed_rank_1_model_3.pdb | 0.00919 0.01682 -0.01566 0.6252 5.714 -5.57

6 | 93.61263157894734 | 1.49_0.8397_D_E_multimer_6I3M_AF_AF_CF_EF_unrelaxed_rank_1_model_3.pdb | -0.07001 0.05712 -0.09787 -9.24 8.622 2.811

7 | 93.56981818181816 | 1.5_0.816_B_C_multimer_6I3M_CF_EF_unrelaxed_rank_1_model_3.pdb | -0.00833 0.06576 -0.08627 -2.815 18.06 -12.63

8 | 93.37709677419356 | 0.8473_0.8397_D_E_multimer_6I3M_AF_AF_CF_EF_unrelaxed_rank_1_model_3.pdb | -0.03505 0.007 -0.003725 1.033 -6.046 6.041

9 | 93.06113207547168 | 1.407_0.8613_A_B_ptm_6I3M_CF_EF_unrelaxed_rank_1_model_3.pdb | -0.01813 0.06753 -0.08622 -2.795 16.07 -11.18

10 | 92.728125 | 0.8504_0.8613_A_B_ptm_6I3M_CF_EF_unrelaxed_rank_1_model_3.pdb | -0.004898 0.02305 -0.008844 3.407 1.165 -4.199

11 | 92.19939393939394 | 0.8559_0.9011_C_D_ptm_6I3M_AF_AF_CF_EF_unrelaxed_rank_1_model_3.pdb | -0.04178 0.02534 -0.0223 0.7183 -3.198 2.991

12 | 91.90188679245286 | 1.23_0.9011_C_D_ptm_6I3M_AF_AF_CF_EF_unrelaxed_rank_1_model_3.pdb | -0.0649 0.0534 -0.08429 -7.038 6.485 2.073

