1 | 100.0 | 3.657e-07_3.834e-07_M_O_6i3m_b_factor_100_preserve_metadata.pdb | -1.86e-15 -3.379e-15 -4.427e-15 -9.635e-13 -3.263e-13 3.411e-13

2 | 100.0 | 0.001008_0.0009772_N_P_6i3m_b_factor_100_preserve_metadata.pdb | -6.903e-06 -9.959e-06 -5.597e-05 -0.01422 0.003479 0.002066

3 | 91.22166666666666 | 3.178_2.093_B_C_multimer_6I3M_MF_OF_unrelaxed_rank_1_model_4.pdb | 0.2989 0.06766 0.05739 27.94 69.31 -59.66

4 | 90.16842105263159 | 3.265_2.007_B_C_multimer_6I3M_MF_OF_OF_unrelaxed_rank_1_model_4.pdb | 0.2832 0.08591 -0.04013 18.51 71.02 -58.63

5 | 88.95187500000002 | 2.173_1.915_C_D_multimer_6I3M_AF_MF_OF_OF_unrelaxed_rank_1_model_1.pdb | -0.07368 -0.003961 -0.3288 -69.73 24.94 16.95

6 | 88.27052631578947 | 1.224_1.206_A_B_ptm_6I3M_MF_OF_unrelaxed_rank_1_model_3.pdb | -0.1515 -0.03725 -0.1985 -52.65 -6.437 38.53

7 | 78.67800000000001 | 1.352_0.8703_A_B_ptm_6I3M_MF_OF_OF_unrelaxed_rank_1_model_5.pdb | -0.1316 -0.06852 -0.2246 -63.64 2.001 36.33

8 | 75.00600000000003 | 1.313_1.354_B_C_ptm_6I3M_AF_MF_OF_OF_unrelaxed_rank_1_model_2.pdb | -0.07293 -0.07716 -0.2614 -71.61 18.69 22.73

